0.000,0.000,0.002,0.995,0.003,0.000,0.000
0.000,0.000,0.006,0.993,0.001,0.000,0.000
0.000,0.000,0.318,0.681,0.000,0.000,0.000
0.000,0.000,0.906,0.094,0.000,0.000,0.000
0.000,0.035,0.965,0.000,0.000,0.000,0.000
0.000,0.036,0.964,0.000,0.000,0.000,0.000
0.000,0.024,0.976,0.000,0.000,0.000,0.000
0.000,0.272,0.728,0.000,0.000,0.000,0.000
0.000,0.272,0.728,0.000,0.000,0.000,0.000
0.000,0.871,0.129,0.000,0.000,0.000,0.000
0.000,0.304,0.000,0.000,0.000,0.696,0.000
0.001,0.000,0.000,0.000,0.000,0.998,0.000
0.001,0.000,0.000,0.000,0.000,0.998,0.000
0.001,0.000,0.000,0.000,0.000,0.999,0.000
0.002,0.000,0.000,0.000,0.000,0.998,0.000
0.000,0.825,0.000,0.000,0.000,0.175,0.000
0.010,0.000,0.000,0.000,0.000,0.990,0.000
0.000,0.045,0.000,0.000,0.000,0.954,0.000
0.001,0.000,0.000,0.000,0.000,0.999,0.000
0.000,0.000,1.000,0.000,0.000,0.000,0.000
0.001,0.000,0.000,0.000,0.000,0.999,0.000
0.000,0.096,0.000,0.000,0.000,0.903,0.000
0.001,0.000,0.000,0.000,0.000,0.999,0.000
1.000,0.000,0.000,0.000,0.000,0.000,0.000
0.004,0.000,0.000,0.000,0.000,0.996,0.000
1.000,0.000,0.000,0.000,0.000,0.000,0.000
0.001,0.005,0.000,0.000,0.000,0.995,0.000
0.001,0.005,0.000,0.000,0.000,0.995,0.000
0.002,0.000,0.000,0.000,0.000,0.998,0.000
0.983,0.000,0.000,0.000,0.000,0.017,0.000
0.000,0.844,0.000,0.000,0.000,0.156,0.000
0.000,0.995,0.004,0.000,0.000,0.000,0.000
0.000,0.998,0.002,0.000,0.000,0.000,0.000
0.006,0.000,0.000,0.000,0.000,0.994,0.000
0.006,0.000,0.000,0.000,0.000,0.994,0.000
0.000,0.000,0.000,0.000,1.000,0.000,0.000
0.021,0.000,0.000,0.000,0.000,0.979,0.000
0.021,0.000,0.000,0.000,0.000,0.979,0.000
1.000,0.000,0.000,0.000,0.000,0.000,0.000
1.000,0.000,0.000,0.000,0.000,0.000,0.000
0.404,0.000,0.000,0.000,0.000,0.596,0.000
0.000,0.999,0.000,0.000,0.000,0.000,0.000
0.000,0.999,0.001,0.000,0.000,0.000,0.000
0.000,0.981,0.019,0.000,0.000,0.000,0.000
0.710,0.000,0.000,0.000,0.000,0.290,0.000
0.026,0.000,0.000,0.000,0.000,0.974,0.000
0.014,0.000,0.000,0.000,0.000,0.986,0.000
0.000,0.959,0.000,0.000,0.000,0.041,0.000
0.000,0.946,0.000,0.000,0.000,0.054,0.000
0.000,0.000,0.985,0.015,0.000,0.000,0.000
0.000,0.000,0.985,0.015,0.000,0.000,0.000
0.000,0.000,0.996,0.004,0.000,0.000,0.000
0.000,0.000,0.996,0.004,0.000,0.000,0.000
1.000,0.000,0.000,0.000,0.000,0.000,0.000
1.000,0.000,0.000,0.000,0.000,0.000,0.000
0.000,0.977,0.000,0.000,0.000,0.022,0.000
0.000,0.977,0.000,0.000,0.000,0.022,0.000
0.000,0.991,0.000,0.000,0.000,0.009,0.000
0.001,0.000,0.000,0.000,0.000,0.999,0.000
0.000,0.998,0.001,0.000,0.000,0.001,0.000
0.000,0.013,0.987,0.000,0.000,0.000,0.000
0.000,0.000,0.999,0.001,0.000,0.000,0.000
0.000,0.000,0.999,0.000,0.000,0.000,0.000
0.000,0.001,0.998,0.000,0.000,0.000,0.000
0.000,0.645,0.355,0.000,0.000,0.000,0.000
0.000,0.991,0.000,0.000,0.000,0.009,0.000
0.001,0.000,0.001,0.000,0.000,0.998,0.000
0.000,0.000,0.000,0.000,0.000,1.000,0.000
0.000,0.000,0.000,0.000,0.000,1.000,0.000
0.001,0.000,0.000,0.000,0.000,0.999,0.000
0.000,0.000,0.000,0.000,0.000,1.000,0.000
0.000,0.000,0.000,0.000,0.000,1.000,0.000
0.000,0.000,0.000,0.000,0.000,1.000,0.000
0.000,0.000,0.000,0.000,0.000,1.000,0.000
0.000,0.000,0.000,0.000,0.000,1.000,0.000
0.000,0.000,0.000,0.000,0.000,1.000,0.000
0.000,0.000,0.952,0.000,0.000,0.048,0.000
0.000,0.000,0.961,0.000,0.000,0.039,0.000
0.000,0.000,0.000,0.000,0.000,1.000,0.000
0.000,0.000,0.000,0.000,0.000,1.000,0.000
0.000,0.000,0.178,0.000,0.000,0.822,0.000
0.000,0.000,0.000,0.000,0.000,1.000,0.000
0.893,0.000,0.000,0.000,0.000,0.107,0.000
0.002,0.000,0.000,0.000,0.000,0.998,0.000
0.000,0.000,1.000,0.000,0.000,0.000,0.000
0.000,0.000,0.991,0.000,0.000,0.009,0.000
0.000,0.000,1.000,0.000,0.000,0.000,0.000
0.000,0.000,0.999,0.001,0.000,0.000,0.000
0.000,0.000,0.839,0.161,0.000,0.000,0.000
0.000,0.000,0.060,0.940,0.001,0.000,0.000
0.000,0.000,0.051,0.948,0.001,0.000,0.000
0.000,0.000,0.951,0.049,0.000,0.000,0.000
0.000,0.000,0.101,0.000,0.000,0.899,0.000
0.000,0.000,0.000,0.000,0.000,1.000,0.000
0.000,0.000,0.000,0.000,0.000,1.000,0.000
0.000,0.000,0.000,0.000,0.000,1.000,0.000
0.000,0.000,0.112,0.000,0.000,0.888,0.000
0.000,0.000,0.000,0.000,0.000,1.000,0.000
0.000,0.000,0.114,0.000,0.000,0.886,0.000
0.000,0.000,0.000,0.000,0.000,1.000,0.000
0.000,0.000,0.000,0.000,0.000,1.000,0.000
0.000,0.000,0.591,0.000,0.000,0.409,0.000
0.000,0.000,0.965,0.000,0.000,0.035,0.000
0.000,0.000,0.982,0.000,0.000,0.018,0.000
0.000,0.000,0.000,0.000,0.000,1.000,0.000
0.000,0.000,0.019,0.000,0.000,0.981,0.000
0.000,0.000,0.000,0.000,0.000,1.000,0.000
0.000,0.000,0.000,0.000,0.000,1.000,0.000
0.000,0.000,0.152,0.000,0.000,0.848,0.000
0.000,0.000,0.000,0.000,0.000,1.000,0.000
0.000,0.000,0.997,0.003,0.000,0.000,0.000
0.000,0.000,1.000,0.000,0.000,0.000,0.000
0.000,0.000,0.999,0.000,0.000,0.001,0.000
0.000,0.000,0.000,0.000,0.000,1.000,0.000
0.000,0.000,0.000,0.000,0.000,1.000,0.000
0.000,0.000,0.963,0.000,0.000,0.037,0.000
0.000,0.000,0.000,0.000,0.000,1.000,0.000
0.000,0.000,0.000,0.000,0.000,1.000,0.000
0.000,0.000,0.000,0.000,0.000,1.000,0.000
0.000,0.000,0.000,0.000,0.000,1.000,0.000
0.000,0.000,0.945,0.000,0.000,0.055,0.000
0.000,0.000,0.966,0.034,0.000,0.000,0.000
0.000,0.000,0.966,0.034,0.000,0.000,0.000
0.000,0.000,0.012,0.988,0.001,0.000,0.000
0.001,0.000,0.000,0.000,0.000,0.999,0.000
0.475,0.000,0.000,0.000,0.000,0.525,0.000
0.000,0.000,1.000,0.000,0.000,0.000,0.000
0.000,0.000,0.008,0.000,0.000,0.992,0.000
0.000,0.000,1.000,0.000,0.000,0.000,0.000
0.000,0.000,0.001,0.000,0.000,0.999,0.000
0.000,0.000,0.987,0.000,0.000,0.013,0.000
0.000,0.000,0.612,0.388,0.000,0.000,0.000
0.000,0.000,1.000,0.000,0.000,0.000,0.000
0.000,0.000,0.000,0.000,0.000,1.000,0.000
0.253,0.000,0.000,0.000,0.000,0.747,0.000
0.754,0.000,0.000,0.000,0.000,0.246,0.000
0.034,0.000,0.000,0.000,0.000,0.966,0.000
0.991,0.000,0.000,0.000,0.000,0.009,0.000
1.000,0.000,0.000,0.000,0.000,0.000,0.000
0.005,0.000,0.000,0.000,0.000,0.995,0.000
0.000,0.000,0.047,0.000,0.000,0.953,0.000
0.000,0.000,0.000,0.000,0.000,1.000,0.000
0.000,0.000,0.000,0.000,0.000,1.000,0.000
0.003,0.000,0.000,0.000,0.000,0.997,0.000
0.000,0.000,0.000,0.000,0.000,1.000,0.000
0.000,0.000,0.000,0.000,0.000,1.000,0.000
0.814,0.000,0.000,0.000,0.000,0.186,0.000
0.121,0.000,0.000,0.000,0.000,0.879,0.000
0.000,0.000,0.000,0.000,0.000,1.000,0.000
0.000,0.000,0.000,0.000,0.000,1.000,0.000
0.152,0.000,0.000,0.000,0.000,0.848,0.000
0.408,0.000,0.000,0.000,0.000,0.592,0.000
0.000,0.000,0.000,0.000,0.000,1.000,0.000
0.012,0.000,0.000,0.000,0.000,0.988,0.000
0.000,0.000,0.000,0.000,0.000,1.000,0.000
0.000,0.000,0.000,0.000,0.000,1.000,0.000
0.000,0.000,0.000,0.000,0.000,1.000,0.000
0.000,0.000,0.000,0.000,0.000,1.000,0.000
0.000,0.000,0.000,0.000,0.000,1.000,0.000
0.000,0.000,0.000,0.000,0.000,1.000,0.000
0.000,0.000,0.000,0.000,0.000,1.000,0.000
0.000,0.000,0.000,0.000,0.000,1.000,0.000
0.002,0.000,0.000,0.000,0.000,0.998,0.000
0.006,0.000,0.000,0.000,0.000,0.994,0.000
0.004,0.000,0.000,0.000,0.000,0.996,0.000
0.000,0.000,0.000,0.000,0.000,1.000,0.000
0.000,0.000,0.000,0.000,0.000,1.000,0.000
0.000,0.000,0.000,0.000,0.000,1.000,0.000
0.000,0.000,0.001,0.000,0.000,0.999,0.000
0.000,0.000,0.000,0.000,0.000,1.000,0.000
0.000,0.000,0.000,0.000,0.000,1.000,0.000
0.000,0.000,0.000,0.000,0.000,1.000,0.000
0.010,0.000,0.000,0.000,0.000,0.990,0.000
0.990,0.000,0.000,0.000,0.000,0.010,0.000
1.000,0.000,0.000,0.000,0.000,0.000,0.000
0.708,0.000,0.000,0.000,0.000,0.292,0.000
0.000,0.000,0.000,0.000,0.000,1.000,0.000
0.000,0.000,0.000,0.000,0.000,1.000,0.000
1.000,0.000,0.000,0.000,0.000,0.000,0.000
0.011,0.000,0.000,0.000,0.000,0.989,0.000
0.996,0.000,0.000,0.000,0.000,0.004,0.000
0.992,0.000,0.000,0.000,0.000,0.008,0.000
0.000,0.857,0.000,0.000,0.000,0.142,0.000
0.000,0.944,0.000,0.000,0.000,0.056,0.000
0.997,0.000,0.000,0.000,0.000,0.003,0.000
0.006,0.000,0.000,0.000,0.000,0.994,0.000
0.000,0.001,0.000,0.000,0.000,0.998,0.000
0.271,0.000,0.000,0.000,0.000,0.729,0.000
0.000,0.639,0.000,0.000,0.000,0.361,0.000
0.000,0.610,0.000,0.000,0.000,0.390,0.000
0.000,0.610,0.000,0.000,0.000,0.390,0.000
0.000,0.940,0.000,0.000,0.000,0.059,0.000
0.000,0.981,0.000,0.000,0.000,0.019,0.000
0.000,0.057,0.000,0.000,0.000,0.943,0.000
0.001,0.000,0.000,0.000,0.000,0.999,0.000
0.001,0.000,0.000,0.000,0.000,0.999,0.000
0.980,0.000,0.000,0.000,0.000,0.020,0.000
0.492,0.000,0.000,0.000,0.000,0.508,0.000
1.000,0.000,0.000,0.000,0.000,0.000,0.000
1.000,0.000,0.000,0.000,0.000,0.000,0.000
0.981,0.000,0.000,0.000,0.000,0.019,0.000
0.000,0.672,0.019,0.000,0.000,0.309,0.000
0.000,0.121,0.000,0.000,0.000,0.879,0.000
0.001,0.002,0.000,0.000,0.000,0.998,0.000
0.000,0.415,0.000,0.000,0.000,0.585,0.000
0.000,0.923,0.000,0.000,0.000,0.077,0.000
0.000,0.993,0.000,0.000,0.000,0.007,0.000
0.000,0.998,0.000,0.000,0.000,0.002,0.000
1.000,0.000,0.000,0.000,0.000,0.000,0.000
0.001,0.021,0.000,0.000,0.000,0.978,0.000
0.000,0.188,0.000,0.000,0.000,0.812,0.000
1.000,0.000,0.000,0.000,0.000,0.000,0.000
0.000,0.934,0.066,0.000,0.000,0.000,0.000
0.000,0.001,0.999,0.000,0.000,0.000,0.000
0.000,0.117,0.883,0.000,0.000,0.000,0.000
0.000,0.991,0.009,0.000,0.000,0.000,0.000
0.000,0.999,0.000,0.000,0.000,0.000,0.000
0.000,0.999,0.001,0.000,0.000,0.000,0.000
0.000,0.990,0.010,0.000,0.000,0.000,0.000
0.000,0.999,0.000,0.000,0.000,0.001,0.000
0.000,0.999,0.000,0.000,0.000,0.000,0.000
0.915,0.000,0.000,0.000,0.000,0.085,0.000
0.919,0.000,0.000,0.000,0.000,0.081,0.000
0.992,0.000,0.000,0.000,0.000,0.008,0.000
0.995,0.000,0.000,0.000,0.000,0.005,0.000
0.993,0.000,0.000,0.000,0.000,0.007,0.000
0.000,0.076,0.924,0.000,0.000,0.000,0.000
0.000,0.956,0.000,0.000,0.000,0.042,0.001
0.000,0.005,0.995,0.000,0.000,0.000,0.000
0.000,0.000,0.951,0.049,0.000,0.000,0.000
0.000,0.006,0.994,0.000,0.000,0.000,0.000
0.000,0.032,0.968,0.000,0.000,0.000,0.000
0.000,0.536,0.000,0.000,0.000,0.463,0.000
0.000,0.993,0.000,0.000,0.000,0.004,0.003
0.000,0.000,0.999,0.000,0.000,0.000,0.000
0.000,0.975,0.025,0.000,0.000,0.000,0.000
0.000,0.001,0.998,0.000,0.000,0.000,0.000
0.000,0.716,0.000,0.000,0.000,0.283,0.000
0.000,0.000,0.944,0.056,0.000,0.000,0.000
0.000,0.000,0.729,0.271,0.000,0.000,0.000
0.000,0.937,0.063,0.000,0.000,0.000,0.000
0.000,0.995,0.000,0.000,0.000,0.004,0.000
0.000,0.000,1.000,0.000,0.000,0.000,0.000
0.000,0.990,0.009,0.000,0.000,0.000,0.000
0.000,0.947,0.000,0.000,0.000,0.053,0.000
0.002,0.000,0.000,0.000,0.000,0.998,0.000
0.000,0.014,0.986,0.000,0.000,0.001,0.000
0.000,0.893,0.000,0.000,0.000,0.107,0.000
0.000,0.995,0.000,0.000,0.000,0.005,0.000
0.000,0.521,0.479,0.000,0.000,0.000,0.000
0.000,0.031,0.969,0.000,0.000,0.000,0.000
0.000,0.276,0.724,0.000,0.000,0.000,0.000
0.000,0.039,0.961,0.000,0.000,0.000,0.000
0.000,0.011,0.988,0.000,0.000,0.000,0.000
0.000,0.002,0.998,0.000,0.000,0.000,0.000
0.000,0.028,0.972,0.000,0.000,0.000,0.000
0.000,0.294,0.706,0.000,0.000,0.000,0.000
0.000,0.995,0.005,0.000,0.000,0.000,0.000
0.000,0.997,0.002,0.000,0.000,0.000,0.000
0.000,0.997,0.002,0.000,0.000,0.000,0.000
0.000,0.995,0.000,0.000,0.000,0.005,0.000
0.000,0.600,0.000,0.000,0.000,0.400,0.000
0.000,0.084,0.000,0.000,0.000,0.915,0.000
0.001,0.000,0.000,0.000,0.000,0.999,0.000
0.000,0.170,0.000,0.000,0.000,0.830,0.000
0.000,0.998,0.001,0.000,0.000,0.001,0.000
0.002,0.000,0.000,0.000,0.000,0.984,0.014
0.000,0.998,0.000,0.000,0.000,0.002,0.000
0.000,0.996,0.000,0.000,0.000,0.004,0.000
0.000,0.034,0.000,0.000,0.000,0.965,0.000
0.001,0.007,0.000,0.000,0.000,0.992,0.000
0.000,0.023,0.000,0.000,0.000,0.977,0.000
0.001,0.001,0.000,0.000,0.000,0.998,0.000
0.000,0.007,0.000,0.000,0.000,0.992,0.000
0.001,0.002,0.000,0.000,0.000,0.998,0.000
0.000,0.015,0.000,0.000,0.000,0.984,0.000
0.000,0.985,0.014,0.000,0.000,0.000,0.000
0.000,0.997,0.001,0.000,0.000,0.001,0.000
0.000,0.856,0.000,0.000,0.000,0.144,0.000
0.002,0.000,0.000,0.000,0.000,0.998,0.000
0.007,0.000,0.000,0.000,0.000,0.993,0.000
1.000,0.000,0.000,0.000,0.000,0.000,0.000
1.000,0.000,0.000,0.000,0.000,0.000,0.000
1.000,0.000,0.000,0.000,0.000,0.000,0.000
0.001,0.027,0.000,0.000,0.000,0.972,0.000
0.000,0.532,0.000,0.000,0.000,0.468,0.000
0.005,0.000,0.000,0.000,0.000,0.995,0.000
0.000,0.093,0.000,0.000,0.000,0.907,0.000
0.000,0.972,0.000,0.000,0.000,0.028,0.000
0.000,0.979,0.000,0.000,0.000,0.021,0.000
0.000,0.133,0.019,0.000,0.000,0.848,0.000
0.000,0.973,0.000,0.000,0.000,0.027,0.000
0.000,0.982,0.000,0.000,0.000,0.018,0.000
0.000,0.899,0.000,0.000,0.000,0.101,0.000
0.001,0.000,0.000,0.000,0.000,0.999,0.000
0.000,0.998,0.001,0.000,0.000,0.001,0.000
0.000,0.940,0.009,0.000,0.000,0.051,0.000
0.927,0.000,0.000,0.000,0.000,0.073,0.000
0.000,0.000,0.000,0.000,0.000,1.000,0.000
0.001,0.000,0.000,0.000,0.000,0.999,0.000
0.000,0.000,0.999,0.000,0.000,0.001,0.000
0.000,0.000,0.000,0.000,0.000,1.000,0.000
0.135,0.000,0.000,0.000,0.000,0.865,0.000
0.000,0.000,0.000,0.000,0.000,1.000,0.000
0.000,0.000,1.000,0.000,0.000,0.000,0.000
0.000,0.000,1.000,0.000,0.000,0.000,0.000
0.001,0.000,0.000,0.000,0.000,0.999,0.000
0.001,0.000,0.000,0.000,0.000,0.999,0.000
0.000,0.000,0.910,0.000,0.000,0.090,0.000
0.000,0.000,0.000,0.000,0.000,1.000,0.000
0.125,0.000,0.000,0.000,0.000,0.875,0.000
0.000,0.000,0.000,0.000,0.000,1.000,0.000
0.000,0.000,0.000,0.000,0.000,1.000,0.000
0.000,0.000,0.000,0.000,0.000,1.000,0.000
0.999,0.000,0.000,0.000,0.000,0.001,0.000
1.000,0.000,0.000,0.000,0.000,0.000,0.000
0.997,0.000,0.000,0.000,0.000,0.003,0.000
0.000,0.000,0.206,0.000,0.000,0.794,0.000
0.000,0.000,0.206,0.000,0.000,0.794,0.000
0.000,0.000,0.000,0.000,0.000,1.000,0.000
0.000,0.000,0.000,0.000,0.000,1.000,0.000
0.000,0.000,0.000,0.000,0.000,1.000,0.000
0.000,0.000,0.000,0.000,0.000,1.000,0.000
0.000,0.000,0.000,0.000,0.000,1.000,0.000
0.000,0.000,0.000,0.000,0.000,1.000,0.000
0.000,0.000,0.000,0.000,0.000,1.000,0.000
0.000,0.000,0.000,0.000,0.000,1.000,0.000
0.000,0.000,0.000,0.000,0.000,1.000,0.000
0.000,0.000,0.000,0.000,0.000,1.000,0.000
0.000,0.000,0.000,0.000,0.000,1.000,0.000
0.000,0.000,0.000,0.000,0.000,1.000,0.000
0.000,0.000,0.000,0.000,0.000,1.000,0.000
0.000,0.000,0.000,0.000,0.000,1.000,0.000
0.854,0.000,0.000,0.000,0.000,0.146,0.000
0.000,0.000,0.000,0.000,0.000,1.000,0.000
0.000,0.000,0.000,0.000,0.000,1.000,0.000
0.000,0.000,0.000,0.000,0.000,1.000,0.000
0.000,0.000,0.000,0.000,0.000,1.000,0.000
0.000,0.000,0.000,0.000,0.000,1.000,0.000
0.000,0.000,0.000,0.000,0.000,1.000,0.000
0.000,0.000,0.000,0.000,0.000,1.000,0.000
0.000,0.000,0.000,0.000,0.000,1.000,0.000
0.000,0.000,0.000,0.000,0.000,1.000,0.000
0.000,0.000,0.000,0.000,0.000,1.000,0.000
0.000,0.000,0.000,0.000,0.000,1.000,0.000
0.000,0.000,0.000,0.000,0.000,1.000,0.000
0.000,0.000,0.000,0.000,0.000,1.000,0.000
0.002,0.000,0.000,0.000,0.000,0.998,0.000
0.000,0.000,0.000,0.000,0.000,1.000,0.000
0.000,0.000,0.000,0.000,0.000,1.000,0.000
0.000,0.000,0.000,0.000,0.000,1.000,0.000
0.000,0.000,0.000,0.000,0.000,1.000,0.000
0.000,0.000,0.000,0.000,0.000,1.000,0.000
0.000,0.000,0.000,0.000,0.000,1.000,0.000
0.000,0.000,0.765,0.000,0.000,0.235,0.000
0.000,0.000,0.000,0.000,0.000,1.000,0.000
0.000,0.000,0.000,0.000,0.000,1.000,0.000
0.008,0.000,0.000,0.000,0.000,0.992,0.000
0.000,0.000,0.000,0.000,0.000,1.000,0.000
0.000,0.000,0.000,0.000,0.000,1.000,0.000
0.000,0.000,0.000,0.000,0.000,1.000,0.000
0.000,0.000,0.000,0.000,0.000,1.000,0.000
0.517,0.000,0.000,0.000,0.000,0.483,0.000
0.000,0.000,0.000,0.000,0.000,1.000,0.000
0.000,0.000,0.000,0.000,0.000,1.000,0.000
0.000,0.000,0.000,0.000,0.000,1.000,0.000
0.000,0.000,0.000,0.000,0.000,1.000,0.000
0.000,0.000,0.000,0.000,0.000,1.000,0.000
0.000,0.000,0.000,0.000,0.000,1.000,0.000
0.000,0.000,0.000,0.000,0.000,1.000,0.000
0.000,0.000,0.000,0.000,0.000,1.000,0.000
0.000,0.000,0.000,0.000,0.000,1.000,0.000
0.100,0.000,0.000,0.000,0.000,0.900,0.000
0.000,0.000,0.000,0.000,0.000,1.000,0.000
0.000,0.000,0.000,0.000,0.000,1.000,0.000
0.000,0.000,0.982,0.000,0.000,0.018,0.000
0.000,0.000,0.977,0.000,0.000,0.023,0.000
0.000,0.000,0.001,0.000,0.000,0.999,0.000
0.000,0.000,0.000,0.000,0.000,1.000,0.000
0.000,0.000,0.000,0.000,0.000,1.000,0.000
0.000,0.000,0.809,0.000,0.000,0.191,0.000
0.000,0.000,0.000,0.000,0.000,1.000,0.000
0.000,0.000,0.000,0.000,0.000,1.000,0.000
1.000,0.000,0.000,0.000,0.000,0.000,0.000
0.004,0.000,0.000,0.000,0.000,0.996,0.000
0.001,0.000,0.000,0.000,0.000,0.999,0.000
0.000,0.000,0.000,0.000,0.000,1.000,0.000
0.000,0.000,0.000,0.000,0.000,1.000,0.000
0.000,0.000,0.000,0.000,0.000,1.000,0.000
0.000,0.000,0.000,0.000,0.000,1.000,0.000
0.000,0.000,0.000,0.000,0.000,1.000,0.000
0.000,0.000,0.000,0.000,0.000,1.000,0.000
0.000,0.000,0.000,0.000,0.000,1.000,0.000
0.000,0.000,0.000,0.000,0.000,1.000,0.000
0.000,0.000,0.000,0.000,0.000,1.000,0.000
0.000,0.000,0.000,0.000,0.000,1.000,0.000
0.005,0.000,0.000,0.000,0.000,0.995,0.000
0.000,0.000,0.000,0.000,0.000,1.000,0.000
0.966,0.000,0.000,0.000,0.000,0.034,0.000
0.003,0.000,0.000,0.000,0.000,0.997,0.000
0.001,0.000,0.000,0.000,0.000,0.999,0.000
0.000,0.000,0.000,0.000,0.000,1.000,0.000
0.000,0.000,0.000,0.000,0.000,1.000,0.000
0.000,0.000,0.002,0.000,0.000,0.998,0.000
0.000,0.000,0.737,0.000,0.000,0.263,0.000
0.015,0.000,0.000,0.000,0.000,0.985,0.000
1.000,0.000,0.000,0.000,0.000,0.000,0.000
0.015,0.000,0.000,0.000,0.000,0.985,0.000
0.000,0.000,0.000,0.000,0.000,1.000,0.000
0.000,0.000,0.000,0.000,0.000,1.000,0.000
0.000,0.000,0.000,0.000,0.000,1.000,0.000
0.000,0.000,0.000,0.000,0.000,1.000,0.000
0.200,0.000,0.000,0.000,0.000,0.800,0.000
0.000,0.000,0.000,0.000,0.000,1.000,0.000
0.000,0.000,0.000,0.000,0.000,1.000,0.000
0.000,0.000,0.000,0.000,0.000,1.000,0.000
0.000,0.000,0.000,0.000,0.000,1.000,0.000
0.000,0.000,0.000,0.000,0.000,1.000,0.000
0.000,0.000,0.000,0.000,0.000,1.000,0.000
0.000,0.000,0.000,0.000,0.000,1.000,0.000
0.000,0.000,0.000,0.000,0.000,1.000,0.000
0.000,0.000,0.000,0.000,0.000,1.000,0.000
0.000,0.000,0.965,0.000,0.000,0.035,0.000
0.000,0.000,0.000,0.000,0.000,1.000,0.000
0.000,0.000,0.000,0.000,0.000,1.000,0.000
0.000,0.000,0.000,0.000,0.000,1.000,0.000
0.000,0.000,0.000,0.000,0.000,1.000,0.000
0.000,0.000,0.000,0.000,0.000,1.000,0.000
0.000,0.000,0.000,0.000,0.000,1.000,0.000
0.000,0.000,0.000,0.000,0.000,1.000,0.000
0.000,0.000,0.000,0.000,0.000,1.000,0.000
0.000,0.000,0.000,0.000,0.000,1.000,0.000
0.000,0.000,0.000,0.000,0.000,1.000,0.000
0.000,0.000,0.000,0.000,0.000,1.000,0.000
0.000,0.000,0.000,0.000,0.000,1.000,0.000
0.000,0.000,0.000,0.000,0.000,1.000,0.000
0.000,0.000,0.000,0.000,0.000,1.000,0.000
0.000,0.000,0.000,0.000,0.000,1.000,0.000
0.000,0.000,0.000,0.000,0.000,1.000,0.000
0.000,0.000,0.000,0.000,0.000,1.000,0.000
0.000,0.000,0.000,0.000,0.000,1.000,0.000
0.000,0.000,0.000,0.000,0.000,1.000,0.000
0.000,0.000,0.000,0.000,0.000,1.000,0.000
0.000,0.000,0.000,0.000,0.000,1.000,0.000
0.000,0.000,0.000,0.000,0.000,1.000,0.000
0.000,0.000,0.000,0.000,0.000,1.000,0.000
0.000,0.000,0.000,0.000,0.000,1.000,0.000
0.000,0.000,0.000,0.000,0.000,1.000,0.000
0.000,0.000,0.000,0.000,0.000,1.000,0.000
0.000,0.079,0.918,0.000,0.000,0.003,0.000
0.000,0.587,0.000,0.000,0.000,0.342,0.070
0.000,0.000,1.000,0.000,0.000,0.000,0.000
0.000,0.807,0.000,0.000,0.000,0.012,0.182
0.000,0.002,0.000,0.000,0.000,0.011,0.987
0.001,0.436,0.000,0.000,0.000,0.097,0.465
0.957,0.000,0.000,0.000,0.000,0.043,0.000
0.864,0.000,0.000,0.000,0.000,0.136,0.000
0.000,0.999,0.000,0.000,0.000,0.001,0.000
1.000,0.000,0.000,0.000,0.000,0.000,0.000
0.000,0.669,0.000,0.000,0.000,0.331,0.000
0.981,0.000,0.000,0.000,0.000,0.019,0.000
0.000,0.997,0.000,0.000,0.000,0.003,0.000
0.000,0.995,0.005,0.000,0.000,0.000,0.000
0.000,0.207,0.793,0.000,0.000,0.000,0.000
0.000,0.001,0.999,0.000,0.000,0.000,0.000
0.000,0.997,0.003,0.000,0.000,0.000,0.000
0.054,0.000,0.000,0.000,0.000,0.946,0.000
0.737,0.000,0.000,0.000,0.000,0.263,0.000
0.644,0.000,0.000,0.000,0.000,0.356,0.000
0.000,0.986,0.013,0.000,0.000,0.001,0.000
0.018,0.000,0.000,0.000,0.000,0.982,0.000
0.000,0.006,0.000,0.000,0.000,0.994,0.000
0.000,0.483,0.000,0.000,0.000,0.517,0.000
0.000,0.921,0.000,0.000,0.000,0.079,0.000
0.000,0.447,0.000,0.000,0.000,0.553,0.000
0.000,0.120,0.000,0.000,0.000,0.880,0.000
0.000,0.392,0.000,0.000,0.000,0.608,0.000
0.001,0.002,0.000,0.000,0.000,0.997,0.000
0.999,0.000,0.000,0.000,0.000,0.001,0.000
0.001,0.001,0.000,0.000,0.000,0.998,0.000
0.001,0.003,0.000,0.000,0.000,0.996,0.000
0.000,0.659,0.000,0.000,0.000,0.341,0.000
0.002,0.000,0.000,0.000,0.000,0.998,0.000
0.000,0.002,0.000,0.000,0.000,0.997,0.000
0.000,0.991,0.004,0.000,0.000,0.006,0.000
0.000,0.990,0.007,0.000,0.000,0.003,0.000
0.000,0.142,0.858,0.000,0.000,0.000,0.000
0.000,0.038,0.962,0.000,0.000,0.000,0.000
0.000,0.419,0.000,0.000,0.000,0.581,0.000
0.002,0.000,0.000,0.000,0.000,0.998,0.000
0.991,0.000,0.000,0.000,0.000,0.009,0.000
0.913,0.000,0.000,0.000,0.000,0.087,0.000
0.015,0.000,0.000,0.000,0.000,0.985,0.000
0.001,0.000,0.000,0.000,0.000,0.999,0.000
0.005,0.000,0.000,0.000,0.000,0.995,0.000
0.015,0.000,0.000,0.000,0.000,0.985,0.000
0.000,0.981,0.000,0.000,0.000,0.019,0.000
0.000,0.996,0.003,0.000,0.000,0.002,0.000
0.000,0.000,1.000,0.000,0.000,0.000,0.000
0.000,0.991,0.000,0.000,0.000,0.009,0.000
0.000,0.868,0.000,0.000,0.000,0.132,0.000
0.007,0.000,0.000,0.000,0.000,0.993,0.000
0.000,0.000,0.997,0.003,0.000,0.000,0.000
0.000,0.000,0.000,0.914,0.086,0.000,0.000
1.000,0.000,0.000,0.000,0.000,0.000,0.000
1.000,0.000,0.000,0.000,0.000,0.000,0.000
0.000,0.991,0.001,0.000,0.000,0.008,0.000
0.000,0.000,1.000,0.000,0.000,0.000,0.000
0.000,0.000,0.122,0.878,0.000,0.000,0.000
0.000,0.000,0.780,0.220,0.000,0.000,0.000
0.000,0.000,0.957,0.043,0.000,0.000,0.000
0.000,0.000,0.001,0.995,0.004,0.000,0.000
0.000,0.000,0.000,0.930,0.070,0.000,0.000
0.000,0.000,0.039,0.961,0.001,0.000,0.000
0.000,0.000,0.000,0.985,0.014,0.000,0.000
0.000,0.000,0.920,0.080,0.000,0.000,0.000
0.000,0.000,0.000,0.000,1.000,0.000,0.000
0.000,0.000,0.000,0.035,0.965,0.000,0.000
0.000,0.000,0.000,0.108,0.892,0.000,0.000
0.000,0.000,0.000,0.000,1.000,0.000,0.000
0.000,0.000,0.000,0.867,0.133,0.000,0.000
0.000,0.000,0.004,0.994,0.002,0.000,0.000
0.000,0.000,0.265,0.735,0.000,0.000,0.000
0.000,0.000,0.963,0.037,0.000,0.000,0.000
0.000,0.000,0.984,0.016,0.000,0.000,0.000
0.000,0.000,1.000,0.000,0.000,0.000,0.000
0.000,0.000,0.071,0.929,0.000,0.000,0.000
0.000,0.000,0.106,0.894,0.000,0.000,0.000
0.000,0.000,0.004,0.995,0.001,0.000,0.000
0.000,0.001,0.998,0.000,0.000,0.000,0.000
0.000,0.000,0.016,0.983,0.001,0.000,0.000
0.000,0.000,0.000,0.915,0.085,0.000,0.000
0.000,0.000,0.000,0.133,0.867,0.000,0.000
0.000,0.000,0.994,0.006,0.000,0.000,0.000
0.000,0.000,1.000,0.000,0.000,0.000,0.000
0.000,0.000,1.000,0.000,0.000,0.000,0.000
0.000,0.000,0.663,0.337,0.000,0.000,0.000
0.000,0.000,0.003,0.995,0.003,0.000,0.000
0.000,0.005,0.995,0.000,0.000,0.000,0.000
0.000,0.000,0.996,0.004,0.000,0.000,0.000
0.000,0.000,0.973,0.027,0.000,0.000,0.000
0.000,0.311,0.689,0.000,0.000,0.000,0.000
0.000,0.666,0.333,0.000,0.000,0.001,0.000
0.000,0.000,0.908,0.092,0.000,0.000,0.000
0.000,0.441,0.559,0.000,0.000,0.000,0.000
0.000,0.889,0.108,0.000,0.000,0.004,0.000
0.000,0.004,0.956,0.000,0.000,0.040,0.000
0.000,0.001,0.999,0.000,0.000,0.000,0.000
0.000,0.174,0.826,0.000,0.000,0.000,0.000
0.000,0.407,0.574,0.000,0.000,0.019,0.000
0.000,0.000,1.000,0.000,0.000,0.000,0.000
0.000,0.000,0.626,0.374,0.000,0.000,0.000
0.000,0.000,0.999,0.001,0.000,0.000,0.000
0.000,0.000,0.072,0.928,0.000,0.000,0.000
0.000,0.105,0.002,0.000,0.000,0.893,0.000
0.000,0.881,0.119,0.000,0.000,0.000,0.000
0.000,0.218,0.000,0.000,0.000,0.782,0.000
0.043,0.000,0.000,0.000,0.000,0.957,0.000
0.967,0.000,0.000,0.000,0.000,0.033,0.000
0.739,0.000,0.000,0.000,0.000,0.261,0.000
0.988,0.000,0.000,0.000,0.000,0.012,0.000
0.986,0.000,0.000,0.000,0.000,0.014,0.000
0.414,0.000,0.000,0.000,0.000,0.586,0.000
0.159,0.000,0.000,0.000,0.000,0.841,0.000
0.832,0.000,0.000,0.000,0.000,0.168,0.000
0.000,0.772,0.000,0.000,0.000,0.009,0.218
0.000,0.000,0.000,0.000,0.000,0.040,0.959
0.008,0.000,0.000,0.000,0.000,0.992,0.000
0.851,0.000,0.000,0.000,0.000,0.149,0.000
1.000,0.000,0.000,0.000,0.000,0.000,0.000
1.000,0.000,0.000,0.000,0.000,0.000,0.000
1.000,0.000,0.000,0.000,0.000,0.000,0.000
1.000,0.000,0.000,0.000,0.000,0.000,0.000
0.999,0.000,0.000,0.000,0.000,0.001,0.000
0.015,0.000,0.000,0.000,0.000,0.985,0.000
0.492,0.000,0.000,0.000,0.000,0.508,0.000
0.163,0.000,0.000,0.000,0.000,0.837,0.000
0.228,0.000,0.000,0.000,0.000,0.772,0.000
0.296,0.000,0.000,0.000,0.000,0.704,0.000
0.988,0.000,0.000,0.000,0.000,0.012,0.000
1.000,0.000,0.000,0.000,0.000,0.000,0.000
1.000,0.000,0.000,0.000,0.000,0.000,0.000
1.000,0.000,0.000,0.000,0.000,0.000,0.000
1.000,0.000,0.000,0.000,0.000,0.000,0.000
1.000,0.000,0.000,0.000,0.000,0.000,0.000
1.000,0.000,0.000,0.000,0.000,0.000,0.000
0.990,0.000,0.000,0.000,0.000,0.010,0.000
0.977,0.000,0.000,0.000,0.000,0.023,0.000
0.052,0.000,0.000,0.000,0.000,0.948,0.000
0.972,0.000,0.000,0.000,0.000,0.028,0.000
0.996,0.000,0.000,0.000,0.000,0.004,0.000
1.000,0.000,0.000,0.000,0.000,0.000,0.000
0.000,0.730,0.000,0.000,0.000,0.270,0.000
0.000,0.000,0.000,0.021,0.979,0.000,0.000
0.000,0.000,0.000,0.000,1.000,0.000,0.000
0.976,0.000,0.000,0.000,0.000,0.024,0.000
0.000,0.000,0.992,0.008,0.000,0.000,0.000
0.000,0.000,0.000,0.970,0.029,0.000,0.000
0.000,0.000,0.000,0.970,0.029,0.000,0.000
0.000,0.063,0.000,0.000,0.000,0.936,0.000
0.000,0.014,0.986,0.000,0.000,0.000,0.000
0.000,0.693,0.301,0.000,0.000,0.006,0.000
1.000,0.000,0.000,0.000,0.000,0.000,0.000
0.008,0.000,0.000,0.000,0.000,0.992,0.000
0.008,0.000,0.000,0.000,0.000,0.992,0.000
0.950,0.000,0.000,0.000,0.000,0.050,0.000
1.000,0.000,0.000,0.000,0.000,0.000,0.000
1.000,0.000,0.000,0.000,0.000,0.000,0.000
0.101,0.000,0.000,0.000,0.000,0.899,0.000
0.007,0.000,0.000,0.000,0.000,0.993,0.000
0.997,0.000,0.000,0.000,0.000,0.003,0.000
0.000,0.976,0.024,0.000,0.000,0.000,0.000
0.000,0.309,0.691,0.000,0.000,0.000,0.000
0.000,0.111,0.889,0.000,0.000,0.000,0.000
0.000,0.000,0.032,0.968,0.000,0.000,0.000
0.000,0.000,0.001,0.996,0.003,0.000,0.000
0.000,0.000,0.973,0.027,0.000,0.000,0.000
0.000,0.000,0.013,0.987,0.001,0.000,0.000
0.000,0.000,0.221,0.779,0.000,0.000,0.000
0.679,0.000,0.000,0.000,0.000,0.321,0.000
0.000,0.999,0.000,0.000,0.000,0.000,0.000
0.790,0.000,0.000,0.000,0.000,0.210,0.000
0.000,0.999,0.000,0.000,0.000,0.001,0.000
0.000,0.000,0.999,0.001,0.000,0.000,0.000
0.000,0.615,0.385,0.000,0.000,0.000,0.000
0.000,0.753,0.247,0.000,0.000,0.000,0.000
0.000,0.000,1.000,0.000,0.000,0.000,0.000
0.000,0.000,0.319,0.681,0.000,0.000,0.000
0.000,0.000,0.970,0.030,0.000,0.000,0.000
0.000,0.999,0.001,0.000,0.000,0.000,0.000
0.000,0.995,0.005,0.000,0.000,0.000,0.000
0.000,0.469,0.000,0.000,0.000,0.529,0.001
0.000,0.018,0.982,0.000,0.000,0.000,0.000
0.000,0.996,0.004,0.000,0.000,0.000,0.000
0.000,0.000,0.991,0.009,0.000,0.000,0.000
0.000,0.000,0.808,0.192,0.000,0.000,0.000
0.000,0.000,0.937,0.063,0.000,0.000,0.000
0.000,0.998,0.001,0.000,0.000,0.001,0.000
0.000,0.000,0.999,0.001,0.000,0.000,0.000
0.000,0.000,0.999,0.001,0.000,0.000,0.000
0.000,0.999,0.001,0.000,0.000,0.000,0.000
0.000,0.493,0.000,0.000,0.000,0.507,0.000
0.000,0.000,0.999,0.000,0.000,0.000,0.000
0.000,0.001,0.999,0.000,0.000,0.000,0.000
0.000,0.988,0.012,0.000,0.000,0.000,0.000
0.000,0.998,0.000,0.000,0.000,0.002,0.000
0.000,0.997,0.000,0.000,0.000,0.003,0.000
0.000,0.018,0.982,0.000,0.000,0.000,0.000
0.000,0.923,0.077,0.000,0.000,0.000,0.000
0.000,0.127,0.873,0.000,0.000,0.000,0.000
0.000,0.593,0.407,0.000,0.000,0.000,0.000
0.000,0.000,0.999,0.000,0.000,0.000,0.000
0.000,0.564,0.435,0.000,0.000,0.000,0.000
0.000,0.900,0.000,0.000,0.000,0.023,0.077
0.000,0.001,0.999,0.000,0.000,0.000,0.000
0.000,0.996,0.004,0.000,0.000,0.000,0.000
0.000,0.094,0.000,0.000,0.000,0.906,0.000
0.982,0.000,0.000,0.000,0.000,0.018,0.000
0.014,0.000,0.000,0.000,0.000,0.986,0.000
0.001,0.059,0.000,0.000,0.000,0.940,0.000
0.001,0.000,0.000,0.000,0.000,0.999,0.000
0.001,0.001,0.000,0.000,0.000,0.998,0.000
0.001,0.016,0.000,0.000,0.000,0.983,0.000
0.000,0.936,0.064,0.000,0.000,0.000,0.000
0.000,0.987,0.012,0.000,0.000,0.000,0.000
0.000,0.000,0.000,0.000,0.000,1.000,0.000
0.000,0.000,0.996,0.004,0.000,0.000,0.000
0.000,0.000,1.000,0.000,0.000,0.000,0.000
0.000,0.000,0.000,0.000,0.000,1.000,0.000
0.000,0.000,0.000,0.000,0.000,1.000,0.000
0.000,0.000,0.000,0.000,0.000,1.000,0.000
0.000,0.000,1.000,0.000,0.000,0.000,0.000
0.000,0.000,0.000,0.000,0.000,1.000,0.000
0.000,0.000,0.000,0.000,0.000,1.000,0.000
0.000,0.000,0.000,0.000,0.000,1.000,0.000
0.000,0.000,0.000,0.000,0.000,1.000,0.000
0.000,0.000,0.000,0.000,0.000,1.000,0.000
0.000,0.000,0.000,0.000,0.000,1.000,0.000
0.000,0.000,0.000,0.000,0.000,1.000,0.000
0.000,0.000,0.000,0.000,0.000,1.000,0.000
0.000,0.000,0.000,0.000,0.000,1.000,0.000
0.000,0.000,1.000,0.000,0.000,0.000,0.000
0.000,0.000,0.090,0.910,0.000,0.000,0.000
0.000,0.000,0.000,0.000,0.000,1.000,0.000
0.000,0.000,0.000,0.000,1.000,0.000,0.000
0.000,0.000,0.000,0.952,0.047,0.000,0.000
0.000,0.000,0.006,0.000,0.000,0.994,0.000
0.000,0.000,0.997,0.003,0.000,0.000,0.000
0.000,0.000,0.016,0.982,0.001,0.000,0.000
0.000,0.000,0.000,0.000,1.000,0.000,0.000
0.000,0.000,0.000,0.000,1.000,0.000,0.000
0.000,0.000,0.720,0.000,0.000,0.280,0.000
0.000,0.000,0.720,0.000,0.000,0.280,0.000
0.000,0.000,0.720,0.000,0.000,0.280,0.000
0.000,0.000,0.720,0.000,0.000,0.280,0.000
0.000,0.000,0.000,0.000,1.000,0.000,0.000
0.000,0.000,0.000,0.000,1.000,0.000,0.000
0.000,0.000,0.000,0.000,1.000,0.000,0.000
1.000,0.000,0.000,0.000,0.000,0.000,0.000
1.000,0.000,0.000,0.000,0.000,0.000,0.000
1.000,0.000,0.000,0.000,0.000,0.000,0.000
0.000,0.000,0.000,0.000,1.000,0.000,0.000
0.000,0.000,0.000,0.000,1.000,0.000,0.000
0.000,0.000,0.000,0.000,1.000,0.000,0.000
0.000,0.000,0.000,0.000,1.000,0.000,0.000
0.000,0.000,0.000,0.000,0.000,1.000,0.000
0.000,0.000,0.000,0.000,0.000,1.000,0.000
0.000,0.000,0.000,0.000,1.000,0.000,0.000
0.000,0.000,0.004,0.995,0.001,0.000,0.000
0.000,0.000,0.000,0.454,0.546,0.000,0.000
0.000,0.000,0.000,0.004,0.996,0.000,0.000
0.000,0.000,0.000,0.000,1.000,0.000,0.000
0.000,0.000,0.000,0.000,1.000,0.000,0.000
0.000,0.000,0.000,0.051,0.949,0.000,0.000
0.000,0.000,0.000,0.000,1.000,0.000,0.000
0.000,0.000,0.000,0.000,1.000,0.000,0.000
0.000,0.000,0.000,0.000,1.000,0.000,0.000
0.000,0.000,0.000,0.000,1.000,0.000,0.000
0.000,0.000,0.000,0.000,1.000,0.000,0.000
0.000,0.000,0.000,0.000,1.000,0.000,0.000
0.000,0.000,0.000,0.000,1.000,0.000,0.000
0.000,0.000,0.000,0.000,1.000,0.000,0.000
0.000,0.000,0.000,0.000,1.000,0.000,0.000
0.000,0.000,0.000,0.000,1.000,0.000,0.000
0.000,0.000,0.000,0.000,1.000,0.000,0.000
0.000,0.000,0.000,0.000,1.000,0.000,0.000
0.000,0.000,0.000,0.105,0.895,0.000,0.000
0.000,0.000,0.000,0.000,1.000,0.000,0.000
0.000,0.000,0.000,0.000,1.000,0.000,0.000
0.000,0.000,0.000,0.000,1.000,0.000,0.000
0.000,0.000,0.000,0.000,1.000,0.000,0.000
0.000,0.000,0.000,0.000,1.000,0.000,0.000
0.000,0.000,0.000,0.016,0.984,0.000,0.000
0.000,0.000,0.000,0.057,0.943,0.000,0.000
0.000,0.000,0.000,0.843,0.157,0.000,0.000
0.000,0.000,0.001,0.996,0.003,0.000,0.000
0.000,0.000,0.000,0.440,0.560,0.000,0.000
0.000,0.000,0.000,0.000,1.000,0.000,0.000
0.000,0.000,0.000,0.000,1.000,0.000,0.000
0.000,0.000,0.000,0.000,1.000,0.000,0.000
0.000,0.000,0.000,0.000,1.000,0.000,0.000
0.000,0.000,0.000,0.006,0.994,0.000,0.000
0.000,0.000,0.000,0.004,0.996,0.000,0.000
0.000,0.000,0.000,0.003,0.997,0.000,0.000
0.000,0.000,0.000,0.912,0.088,0.000,0.000
0.000,0.000,0.000,0.000,1.000,0.000,0.000
0.000,0.000,0.000,0.000,1.000,0.000,0.000
0.000,0.000,0.000,0.000,1.000,0.000,0.000
0.000,0.000,0.000,0.000,1.000,0.000,0.000
0.000,0.000,0.000,0.000,1.000,0.000,0.000
0.000,0.000,1.000,0.000,0.000,0.000,0.000
0.000,0.000,0.986,0.014,0.000,0.000,0.000
0.000,0.000,1.000,0.000,0.000,0.000,0.000
0.000,0.000,0.848,0.000,0.000,0.152,0.000
0.000,0.000,0.850,0.000,0.000,0.150,0.000
0.000,0.000,0.873,0.127,0.000,0.000,0.000
0.000,0.000,0.000,0.000,1.000,0.000,0.000
0.000,0.000,0.000,0.000,1.000,0.000,0.000
0.000,0.000,0.000,0.000,1.000,0.000,0.000
0.000,0.000,0.000,0.000,1.000,0.000,0.000
0.000,0.000,0.000,0.000,1.000,0.000,0.000
0.000,0.000,0.000,0.000,1.000,0.000,0.000
0.000,0.000,0.000,0.000,1.000,0.000,0.000
0.000,0.000,0.000,0.000,1.000,0.000,0.000
0.000,0.000,0.000,0.000,1.000,0.000,0.000
0.000,0.000,0.000,0.000,1.000,0.000,0.000
0.000,0.000,0.001,0.999,0.001,0.000,0.000
0.000,0.000,0.000,0.993,0.007,0.000,0.000
0.000,0.000,0.000,0.993,0.007,0.000,0.000
0.000,0.000,0.000,0.891,0.109,0.000,0.000
0.000,0.000,0.000,0.000,0.000,1.000,0.000
0.000,0.000,0.000,0.998,0.002,0.000,0.000
0.000,0.000,1.000,0.000,0.000,0.000,0.000
0.000,0.000,0.000,0.000,0.000,1.000,0.000
0.333,0.000,0.000,0.000,0.000,0.667,0.000
0.000,0.000,0.000,0.000,0.000,1.000,0.000
0.000,0.000,0.000,0.000,0.000,1.000,0.000
0.000,0.000,1.000,0.000,0.000,0.000,0.000
0.000,0.000,0.037,0.962,0.001,0.000,0.000
0.000,0.000,0.914,0.086,0.000,0.000,0.000
0.000,0.000,0.999,0.001,0.000,0.000,0.000
0.000,0.000,0.985,0.015,0.000,0.000,0.000
0.000,0.000,0.999,0.001,0.000,0.000,0.000
0.000,0.000,0.000,0.000,0.000,1.000,0.000
0.000,0.000,0.182,0.000,0.000,0.818,0.000
0.000,0.000,0.980,0.020,0.000,0.000,0.000
0.000,0.000,0.777,0.223,0.000,0.000,0.000
0.000,0.000,0.995,0.005,0.000,0.000,0.000
0.000,0.000,1.000,0.000,0.000,0.000,0.000
0.000,0.000,0.993,0.007,0.000,0.000,0.000
0.000,0.000,1.000,0.000,0.000,0.000,0.000
0.000,0.000,0.000,0.000,0.000,1.000,0.000
0.000,0.000,1.000,0.000,0.000,0.000,0.000
0.000,0.000,0.000,0.000,1.000,0.000,0.000
0.000,0.000,0.000,0.000,1.000,0.000,0.000
0.000,0.000,0.000,0.000,1.000,0.000,0.000
0.000,0.000,0.000,0.000,1.000,0.000,0.000
0.000,0.000,0.000,0.000,1.000,0.000,0.000
0.000,0.000,0.000,0.165,0.835,0.000,0.000
0.000,0.000,0.067,0.933,0.000,0.000,0.000
0.000,0.000,0.400,0.599,0.000,0.000,0.000
0.000,0.000,0.153,0.000,0.000,0.847,0.000
0.000,0.000,0.000,0.000,0.000,1.000,0.000
0.000,0.000,0.000,0.000,0.000,1.000,0.000
0.000,0.000,0.987,0.013,0.000,0.000,0.000
0.000,0.000,0.999,0.001,0.000,0.000,0.000
0.000,0.000,0.000,0.000,0.000,1.000,0.000
0.000,0.000,0.000,0.000,0.000,1.000,0.000
0.000,0.000,1.000,0.000,0.000,0.000,0.000
0.000,0.000,0.000,0.000,1.000,0.000,0.000
0.000,0.000,0.000,0.000,1.000,0.000,0.000
0.000,0.000,0.000,0.444,0.556,0.000,0.000
0.000,0.000,0.989,0.011,0.000,0.000,0.000
0.000,0.000,1.000,0.000,0.000,0.000,0.000
0.000,0.000,1.000,0.000,0.000,0.000,0.000
0.000,0.000,0.000,0.000,1.000,0.000,0.000
0.000,0.000,0.000,0.000,1.000,0.000,0.000
0.000,0.000,0.000,0.000,1.000,0.000,0.000
0.000,0.000,0.000,0.000,1.000,0.000,0.000
0.000,0.000,0.002,0.993,0.005,0.000,0.000
0.000,0.000,0.022,0.977,0.001,0.000,0.000
0.000,0.000,0.284,0.716,0.000,0.000,0.000
0.000,0.000,1.000,0.000,0.000,0.000,0.000
0.000,0.000,0.054,0.000,0.000,0.946,0.000
0.000,0.000,0.000,0.000,0.000,1.000,0.000
0.000,0.000,0.000,0.000,0.000,1.000,0.000
0.000,0.000,0.239,0.761,0.000,0.000,0.000
0.000,0.000,0.239,0.761,0.000,0.000,0.000
0.000,0.000,0.239,0.761,0.000,0.000,0.000
0.000,0.000,0.973,0.027,0.000,0.000,0.000
0.000,0.000,0.990,0.010,0.000,0.000,0.000
0.000,0.000,1.000,0.000,0.000,0.000,0.000
0.000,0.000,1.000,0.000,0.000,0.000,0.000
0.000,0.000,0.000,0.000,0.000,1.000,0.000
0.000,0.000,0.700,0.000,0.000,0.300,0.000
0.000,0.000,0.998,0.000,0.000,0.002,0.000
0.000,0.000,0.008,0.992,0.001,0.000,0.000
0.000,0.000,0.004,0.995,0.001,0.000,0.000
0.000,0.000,0.000,0.000,1.000,0.000,0.000
0.000,0.000,0.000,0.000,1.000,0.000,0.000
0.000,0.000,0.000,0.000,1.000,0.000,0.000
0.000,0.000,0.097,0.903,0.000,0.000,0.000
0.000,0.000,0.000,0.124,0.876,0.000,0.000
0.000,0.000,0.998,0.000,0.000,0.002,0.000
0.000,0.000,1.000,0.000,0.000,0.000,0.000
0.000,0.000,0.992,0.000,0.000,0.008,0.000
0.000,0.000,0.006,0.000,0.000,0.994,0.000
0.000,0.000,0.999,0.001,0.000,0.000,0.000
0.000,0.000,1.000,0.000,0.000,0.000,0.000
0.000,0.000,0.000,0.000,0.000,1.000,0.000
0.000,0.000,0.000,0.000,0.000,1.000,0.000
1.000,0.000,0.000,0.000,0.000,0.000,0.000
1.000,0.000,0.000,0.000,0.000,0.000,0.000
1.000,0.000,0.000,0.000,0.000,0.000,0.000
1.000,0.000,0.000,0.000,0.000,0.000,0.000
1.000,0.000,0.000,0.000,0.000,0.000,0.000
1.000,0.000,0.000,0.000,0.000,0.000,0.000
0.998,0.000,0.000,0.000,0.000,0.002,0.000
1.000,0.000,0.000,0.000,0.000,0.000,0.000
1.000,0.000,0.000,0.000,0.000,0.000,0.000
1.000,0.000,0.000,0.000,0.000,0.000,0.000
1.000,0.000,0.000,0.000,0.000,0.000,0.000
0.990,0.000,0.000,0.000,0.000,0.010,0.000
1.000,0.000,0.000,0.000,0.000,0.000,0.000
1.000,0.000,0.000,0.000,0.000,0.000,0.000
1.000,0.000,0.000,0.000,0.000,0.000,0.000
1.000,0.000,0.000,0.000,0.000,0.000,0.000
1.000,0.000,0.000,0.000,0.000,0.000,0.000
1.000,0.000,0.000,0.000,0.000,0.000,0.000
1.000,0.000,0.000,0.000,0.000,0.000,0.000
1.000,0.000,0.000,0.000,0.000,0.000,0.000
1.000,0.000,0.000,0.000,0.000,0.000,0.000
1.000,0.000,0.000,0.000,0.000,0.000,0.000
1.000,0.000,0.000,0.000,0.000,0.000,0.000
1.000,0.000,0.000,0.000,0.000,0.000,0.000
1.000,0.000,0.000,0.000,0.000,0.000,0.000
1.000,0.000,0.000,0.000,0.000,0.000,0.000
1.000,0.000,0.000,0.000,0.000,0.000,0.000
1.000,0.000,0.000,0.000,0.000,0.000,0.000
1.000,0.000,0.000,0.000,0.000,0.000,0.000
1.000,0.000,0.000,0.000,0.000,0.000,0.000
1.000,0.000,0.000,0.000,0.000,0.000,0.000
1.000,0.000,0.000,0.000,0.000,0.000,0.000
1.000,0.000,0.000,0.000,0.000,0.000,0.000
1.000,0.000,0.000,0.000,0.000,0.000,0.000
1.000,0.000,0.000,0.000,0.000,0.000,0.000
1.000,0.000,0.000,0.000,0.000,0.000,0.000
1.000,0.000,0.000,0.000,0.000,0.000,0.000
1.000,0.000,0.000,0.000,0.000,0.000,0.000
1.000,0.000,0.000,0.000,0.000,0.000,0.000
1.000,0.000,0.000,0.000,0.000,0.000,0.000
1.000,0.000,0.000,0.000,0.000,0.000,0.000
1.000,0.000,0.000,0.000,0.000,0.000,0.000
1.000,0.000,0.000,0.000,0.000,0.000,0.000
1.000,0.000,0.000,0.000,0.000,0.000,0.000
1.000,0.000,0.000,0.000,0.000,0.000,0.000
1.000,0.000,0.000,0.000,0.000,0.000,0.000
1.000,0.000,0.000,0.000,0.000,0.000,0.000
0.000,0.000,0.000,0.000,1.000,0.000,0.000
0.000,0.000,0.012,0.987,0.001,0.000,0.000
0.030,0.000,0.000,0.000,0.000,0.970,0.000
0.030,0.000,0.000,0.000,0.000,0.970,0.000
0.266,0.000,0.000,0.000,0.000,0.734,0.000
0.000,0.001,0.999,0.001,0.000,0.000,0.000
0.000,0.000,0.999,0.000,0.000,0.000,0.000
1.000,0.000,0.000,0.000,0.000,0.000,0.000
1.000,0.000,0.000,0.000,0.000,0.000,0.000
0.024,0.000,0.000,0.000,0.000,0.976,0.000
1.000,0.000,0.000,0.000,0.000,0.000,0.000
1.000,0.000,0.000,0.000,0.000,0.000,0.000
1.000,0.000,0.000,0.000,0.000,0.000,0.000
0.980,0.000,0.000,0.000,0.000,0.020,0.000
0.001,0.000,0.000,0.000,0.000,0.998,0.000
0.994,0.000,0.000,0.000,0.000,0.006,0.000
0.012,0.000,0.000,0.000,0.000,0.988,0.000
0.000,0.053,0.000,0.000,0.000,0.947,0.000
1.000,0.000,0.000,0.000,0.000,0.000,0.000
1.000,0.000,0.000,0.000,0.000,0.000,0.000
1.000,0.000,0.000,0.000,0.000,0.000,0.000
1.000,0.000,0.000,0.000,0.000,0.000,0.000
1.000,0.000,0.000,0.000,0.000,0.000,0.000
0.001,0.008,0.000,0.000,0.000,0.991,0.000
0.000,0.000,0.000,0.000,0.000,0.168,0.831
0.000,0.000,0.000,0.000,0.000,0.168,0.831
0.904,0.000,0.000,0.000,0.000,0.096,0.000
1.000,0.000,0.000,0.000,0.000,0.000,0.000
1.000,0.000,0.000,0.000,0.000,0.000,0.000
0.986,0.000,0.000,0.000,0.000,0.014,0.000
0.986,0.000,0.000,0.000,0.000,0.014,0.000
1.000,0.000,0.000,0.000,0.000,0.000,0.000
1.000,0.000,0.000,0.000,0.000,0.000,0.000
1.000,0.000,0.000,0.000,0.000,0.000,0.000
0.006,0.000,0.000,0.000,0.000,0.992,0.002
0.990,0.000,0.000,0.000,0.000,0.010,0.000
0.990,0.000,0.000,0.000,0.000,0.010,0.000
0.967,0.000,0.000,0.000,0.000,0.033,0.000
0.000,0.000,0.995,0.000,0.000,0.005,0.000
0.000,0.000,1.000,0.000,0.000,0.000,0.000
0.000,0.000,1.000,0.000,0.000,0.000,0.000
0.000,0.000,0.025,0.000,0.000,0.975,0.000
0.000,0.000,0.000,0.000,0.000,1.000,0.000
0.000,0.000,0.012,0.000,0.000,0.988,0.000
0.000,0.000,0.007,0.000,0.000,0.993,0.000
0.000,0.000,0.649,0.000,0.000,0.351,0.000
0.000,0.000,1.000,0.000,0.000,0.000,0.000
0.000,0.000,0.978,0.000,0.000,0.022,0.000
0.000,0.000,0.002,0.000,0.000,0.998,0.000
0.000,0.000,0.001,0.000,0.000,0.999,0.000
0.000,0.000,0.002,0.000,0.000,0.998,0.000
0.000,0.000,0.000,0.000,0.000,1.000,0.000
0.000,0.000,0.000,0.000,0.000,1.000,0.000
0.000,0.000,0.463,0.000,0.000,0.537,0.000
0.000,0.000,0.000,0.000,0.000,1.000,0.000
0.000,0.000,0.000,0.000,0.000,1.000,0.000
0.000,0.000,0.018,0.980,0.002,0.000,0.000
0.000,0.000,0.980,0.020,0.000,0.000,0.000
0.000,0.000,0.983,0.017,0.000,0.000,0.000
0.000,0.000,0.022,0.000,0.000,0.978,0.000
0.000,0.000,0.000,0.000,0.000,1.000,0.000
0.000,0.000,0.000,0.000,0.000,1.000,0.000
0.000,0.000,0.000,0.000,0.000,1.000,0.000
0.000,0.000,0.000,0.000,0.000,1.000,0.000
0.000,0.000,0.024,0.000,0.000,0.976,0.000
0.000,0.000,0.000,0.000,0.000,1.000,0.000
0.000,0.000,0.000,0.000,0.000,1.000,0.000
0.000,0.000,0.000,0.000,0.000,1.000,0.000
1.000,0.000,0.000,0.000,0.000,0.000,0.000
0.991,0.000,0.000,0.000,0.000,0.009,0.000
1.000,0.000,0.000,0.000,0.000,0.000,0.000
1.000,0.000,0.000,0.000,0.000,0.000,0.000
1.000,0.000,0.000,0.000,0.000,0.000,0.000
0.041,0.000,0.000,0.000,0.000,0.959,0.000
0.992,0.000,0.000,0.000,0.000,0.008,0.000
1.000,0.000,0.000,0.000,0.000,0.000,0.000
1.000,0.000,0.000,0.000,0.000,0.000,0.000
1.000,0.000,0.000,0.000,0.000,0.000,0.000
1.000,0.000,0.000,0.000,0.000,0.000,0.000
1.000,0.000,0.000,0.000,0.000,0.000,0.000
1.000,0.000,0.000,0.000,0.000,0.000,0.000
1.000,0.000,0.000,0.000,0.000,0.000,0.000
1.000,0.000,0.000,0.000,0.000,0.000,0.000
1.000,0.000,0.000,0.000,0.000,0.000,0.000
1.000,0.000,0.000,0.000,0.000,0.000,0.000
1.000,0.000,0.000,0.000,0.000,0.000,0.000
1.000,0.000,0.000,0.000,0.000,0.000,0.000
1.000,0.000,0.000,0.000,0.000,0.000,0.000
1.000,0.000,0.000,0.000,0.000,0.000,0.000
1.000,0.000,0.000,0.000,0.000,0.000,0.000
0.995,0.000,0.000,0.000,0.000,0.005,0.000
1.000,0.000,0.000,0.000,0.000,0.000,0.000
1.000,0.000,0.000,0.000,0.000,0.000,0.000
1.000,0.000,0.000,0.000,0.000,0.000,0.000
1.000,0.000,0.000,0.000,0.000,0.000,0.000
1.000,0.000,0.000,0.000,0.000,0.000,0.000
1.000,0.000,0.000,0.000,0.000,0.000,0.000
1.000,0.000,0.000,0.000,0.000,0.000,0.000
1.000,0.000,0.000,0.000,0.000,0.000,0.000
0.992,0.000,0.000,0.000,0.000,0.008,0.000
0.990,0.000,0.000,0.000,0.000,0.010,0.000
0.995,0.000,0.000,0.000,0.000,0.005,0.000
0.120,0.000,0.000,0.000,0.000,0.880,0.000
0.000,0.000,0.000,0.000,0.000,0.040,0.960
0.000,0.063,0.000,0.000,0.000,0.009,0.929
0.000,0.921,0.079,0.000,0.000,0.000,0.000
0.000,0.286,0.714,0.000,0.000,0.000,0.000
0.000,0.364,0.636,0.000,0.000,0.000,0.000
0.000,0.000,0.002,0.995,0.003,0.000,0.000
0.000,0.000,0.078,0.922,0.000,0.000,0.000
0.000,0.000,1.000,0.000,0.000,0.000,0.000
0.000,0.000,1.000,0.000,0.000,0.000,0.000
0.000,0.000,1.000,0.000,0.000,0.000,0.000
0.000,0.000,0.996,0.004,0.000,0.000,0.000
0.000,0.000,0.999,0.001,0.000,0.000,0.000
0.000,0.000,0.999,0.000,0.000,0.000,0.000
0.000,0.000,1.000,0.000,0.000,0.000,0.000
0.000,0.000,0.999,0.001,0.000,0.000,0.000
0.000,0.000,0.473,0.000,0.000,0.527,0.000
0.000,0.000,0.657,0.000,0.000,0.343,0.000
0.000,0.000,0.535,0.000,0.000,0.465,0.000
0.000,0.000,0.992,0.000,0.000,0.008,0.000
0.000,0.000,1.000,0.000,0.000,0.000,0.000
0.000,0.000,0.992,0.000,0.000,0.008,0.000
0.000,0.000,0.978,0.000,0.000,0.022,0.000
0.000,0.000,0.768,0.000,0.000,0.232,0.000
0.000,0.000,0.117,0.000,0.000,0.883,0.000
0.000,0.000,0.994,0.000,0.000,0.006,0.000
0.000,0.000,0.899,0.101,0.000,0.000,0.000
0.000,0.000,0.002,0.994,0.004,0.000,0.000
0.000,0.000,0.000,0.950,0.050,0.000,0.000
0.000,0.000,0.004,0.994,0.002,0.000,0.000
0.000,0.000,0.000,0.711,0.289,0.000,0.000
0.000,0.000,0.000,0.868,0.132,0.000,0.000
0.000,0.000,0.000,0.816,0.184,0.000,0.000
0.000,0.000,0.000,0.560,0.440,0.000,0.000
0.000,0.000,0.000,0.969,0.031,0.000,0.000
0.000,0.000,0.000,0.005,0.995,0.000,0.000
0.000,0.000,0.000,0.004,0.996,0.000,0.000
0.000,0.000,0.002,0.994,0.004,0.000,0.000
0.000,0.000,0.005,0.994,0.002,0.000,0.000
0.000,0.000,0.002,0.995,0.003,0.000,0.000
0.000,0.000,0.005,0.993,0.001,0.000,0.000
0.000,0.000,0.001,0.994,0.004,0.000,0.000
0.000,0.000,0.004,0.995,0.002,0.000,0.000
0.000,0.000,0.000,0.811,0.189,0.000,0.000
0.000,0.000,0.000,0.813,0.187,0.000,0.000
0.000,0.000,0.027,0.973,0.000,0.000,0.000
0.000,0.000,0.002,0.995,0.003,0.000,0.000
0.000,0.000,0.005,0.994,0.002,0.000,0.000
0.000,0.000,0.913,0.087,0.000,0.000,0.000
0.000,0.000,0.999,0.000,0.000,0.001,0.000
0.000,0.000,1.000,0.000,0.000,0.000,0.000
0.000,0.000,0.691,0.309,0.000,0.000,0.000
0.000,0.000,0.464,0.536,0.000,0.000,0.000
0.000,0.000,0.003,0.995,0.002,0.000,0.000
0.000,0.000,0.029,0.970,0.001,0.000,0.000
0.000,0.000,0.049,0.950,0.000,0.000,0.000
0.000,0.000,0.010,0.989,0.001,0.000,0.000
0.000,0.000,1.000,0.000,0.000,0.000,0.000
0.000,0.000,0.283,0.717,0.000,0.000,0.000
0.000,0.000,0.238,0.761,0.000,0.000,0.000
0.000,0.000,0.889,0.111,0.000,0.000,0.000
0.000,0.000,0.993,0.007,0.000,0.000,0.000
0.000,0.000,0.935,0.065,0.000,0.000,0.000
0.000,0.000,0.423,0.577,0.000,0.000,0.000
0.000,0.000,0.393,0.607,0.000,0.000,0.000
0.000,0.000,0.904,0.096,0.000,0.000,0.000
0.000,0.000,0.998,0.002,0.000,0.000,0.000
0.000,0.000,1.000,0.000,0.000,0.000,0.000
0.000,0.000,0.991,0.000,0.000,0.009,0.000
0.000,0.000,0.999,0.000,0.000,0.001,0.000
0.000,0.000,0.998,0.000,0.000,0.002,0.000
0.000,0.000,0.991,0.000,0.000,0.009,0.000
0.000,0.000,1.000,0.000,0.000,0.000,0.000
0.000,0.000,1.000,0.000,0.000,0.000,0.000
0.000,0.000,0.477,0.000,0.000,0.523,0.000
0.000,0.000,1.000,0.000,0.000,0.000,0.000
0.000,0.000,1.000,0.000,0.000,0.000,0.000
0.000,0.000,1.000,0.000,0.000,0.000,0.000
0.000,0.000,0.000,0.000,0.000,1.000,0.000
0.000,0.000,0.995,0.000,0.000,0.005,0.000
0.000,0.000,1.000,0.000,0.000,0.000,0.000
0.000,0.000,0.001,0.000,0.000,0.999,0.000
0.000,0.000,0.747,0.000,0.000,0.253,0.000
0.000,0.000,0.980,0.000,0.000,0.020,0.000
0.000,0.000,0.000,0.000,0.000,1.000,0.000
0.000,0.000,0.000,0.000,0.000,1.000,0.000
0.000,0.000,0.000,0.000,0.000,1.000,0.000
0.000,0.000,0.997,0.000,0.000,0.003,0.000
0.000,0.000,0.991,0.000,0.000,0.009,0.000
0.000,0.000,0.000,0.000,0.000,1.000,0.000
0.000,0.000,0.597,0.000,0.000,0.403,0.000
0.000,0.000,0.999,0.000,0.000,0.001,0.000
0.000,0.000,0.999,0.000,0.000,0.001,0.000
0.000,0.000,0.965,0.000,0.000,0.035,0.000
0.000,0.000,0.965,0.000,0.000,0.035,0.000
0.000,0.000,0.999,0.000,0.000,0.001,0.000
0.000,0.000,0.999,0.000,0.000,0.001,0.000
0.000,0.000,0.999,0.001,0.000,0.000,0.000
0.000,0.000,1.000,0.000,0.000,0.000,0.000
0.000,0.000,1.000,0.000,0.000,0.000,0.000
0.000,0.000,0.949,0.051,0.000,0.000,0.000
0.000,0.000,0.185,0.000,0.000,0.815,0.000
0.000,0.000,0.977,0.000,0.000,0.023,0.000
0.000,0.000,1.000,0.000,0.000,0.000,0.000
0.000,0.000,0.839,0.000,0.000,0.161,0.000
0.000,0.000,0.007,0.000,0.000,0.993,0.000
0.000,0.000,0.791,0.000,0.000,0.209,0.000
0.000,0.000,0.000,0.004,0.996,0.000,0.000
0.000,0.000,0.999,0.001,0.000,0.000,0.000
0.000,0.000,1.000,0.000,0.000,0.000,0.000
0.000,0.000,1.000,0.000,0.000,0.000,0.000
0.000,0.000,1.000,0.000,0.000,0.000,0.000
0.000,0.000,0.031,0.000,0.000,0.969,0.000
0.000,0.000,0.097,0.000,0.000,0.903,0.000
0.000,0.000,0.946,0.000,0.000,0.054,0.000
0.000,0.000,0.997,0.000,0.000,0.003,0.000
0.000,0.000,0.999,0.000,0.000,0.001,0.000
0.000,0.000,0.995,0.000,0.000,0.005,0.000
0.000,0.000,0.997,0.000,0.000,0.003,0.000
0.000,0.000,0.000,0.000,0.000,1.000,0.000
0.000,0.000,1.000,0.000,0.000,0.000,0.000
0.000,0.000,0.955,0.045,0.000,0.000,0.000
1.000,0.000,0.000,0.000,0.000,0.000,0.000
0.999,0.000,0.000,0.000,0.000,0.001,0.000
0.000,0.000,0.000,0.001,0.999,0.000,0.000
0.000,0.000,0.000,0.000,0.000,1.000,0.000
0.000,0.000,0.000,0.000,0.000,1.000,0.000
0.004,0.000,0.000,0.000,0.000,0.996,0.000
0.156,0.000,0.000,0.000,0.000,0.844,0.000
0.000,0.000,0.000,0.000,0.000,1.000,0.000
0.000,0.000,0.000,0.000,0.000,1.000,0.000
0.000,0.000,0.000,0.000,0.000,1.000,0.000
0.000,0.000,0.845,0.000,0.000,0.155,0.000
0.000,0.000,0.000,0.000,0.000,1.000,0.000
0.000,0.000,0.000,0.000,0.000,1.000,0.000
0.000,0.000,0.000,0.000,0.000,1.000,0.000
0.000,0.000,0.000,0.000,0.000,1.000,0.000
0.000,0.000,0.000,0.000,0.000,1.000,0.000
0.000,0.000,0.000,0.000,0.000,1.000,0.000
0.000,0.000,0.000,0.000,0.000,1.000,0.000
0.000,0.000,0.000,0.000,0.000,1.000,0.000
0.000,0.000,0.000,0.000,0.000,1.000,0.000
0.000,0.000,0.000,0.000,0.000,1.000,0.000
0.000,0.000,0.000,0.000,0.000,1.000,0.000
0.000,0.000,0.000,0.000,0.000,1.000,0.000
0.000,0.000,0.000,0.000,0.000,1.000,0.000
0.000,0.000,0.000,0.000,0.000,1.000,0.000
0.000,0.000,0.006,0.000,0.000,0.994,0.000
0.000,0.000,0.000,0.000,0.000,1.000,0.000
0.000,0.000,0.000,0.000,0.000,1.000,0.000
0.000,0.000,0.000,0.000,0.000,1.000,0.000
0.000,0.000,0.002,0.994,0.004,0.000,0.000
1.000,0.000,0.000,0.000,0.000,0.000,0.000
1.000,0.000,0.000,0.000,0.000,0.000,0.000
1.000,0.000,0.000,0.000,0.000,0.000,0.000
1.000,0.000,0.000,0.000,0.000,0.000,0.000
0.000,0.000,0.061,0.938,0.000,0.000,0.000
0.000,0.000,0.955,0.045,0.000,0.000,0.000
0.000,0.000,1.000,0.000,0.000,0.000,0.000
0.000,0.000,1.000,0.000,0.000,0.000,0.000
0.000,0.000,0.001,0.000,0.000,0.999,0.000
0.000,0.000,0.985,0.000,0.000,0.015,0.000
0.000,0.000,0.978,0.000,0.000,0.022,0.000
0.000,0.000,0.867,0.000,0.000,0.133,0.000
0.000,0.000,0.994,0.000,0.000,0.006,0.000
0.000,0.000,0.988,0.000,0.000,0.012,0.000
0.000,0.000,0.221,0.000,0.000,0.779,0.000
0.000,0.000,0.148,0.000,0.000,0.852,0.000
0.000,0.000,0.300,0.000,0.000,0.700,0.000
0.000,0.000,0.964,0.000,0.000,0.036,0.000
0.000,0.000,0.255,0.000,0.000,0.745,0.000
0.000,0.000,0.002,0.000,0.000,0.998,0.000
0.000,0.000,1.000,0.000,0.000,0.000,0.000
0.000,0.000,0.999,0.000,0.000,0.001,0.000
0.006,0.000,0.000,0.000,0.000,0.994,0.000
0.000,0.000,0.000,0.000,0.000,1.000,0.000
0.000,0.000,0.998,0.000,0.000,0.002,0.000
0.000,0.000,0.998,0.000,0.000,0.002,0.000
0.000,0.000,0.001,0.000,0.000,0.999,0.000
0.000,0.000,0.000,0.000,0.000,1.000,0.000
0.000,0.000,0.001,0.000,0.000,0.999,0.000
0.000,0.000,0.000,0.000,0.000,1.000,0.000
0.000,0.000,0.980,0.020,0.000,0.000,0.000
0.000,0.000,0.000,0.000,0.000,1.000,0.000
0.000,0.000,0.000,0.000,0.000,1.000,0.000
0.000,0.000,0.000,0.000,0.000,1.000,0.000
0.000,0.000,0.000,0.000,0.000,1.000,0.000
0.000,0.000,0.000,0.000,0.000,1.000,0.000
0.000,0.000,0.000,0.000,0.000,1.000,0.000
0.000,0.000,0.000,0.000,0.000,1.000,0.000
0.806,0.000,0.000,0.000,0.000,0.194,0.000
0.000,0.000,0.000,0.000,0.000,1.000,0.000
0.000,0.000,0.000,0.000,0.000,1.000,0.000
0.000,0.000,0.000,0.000,0.000,1.000,0.000
0.359,0.000,0.000,0.000,0.000,0.641,0.000
0.031,0.000,0.000,0.000,0.000,0.969,0.000
0.666,0.000,0.000,0.000,0.000,0.334,0.000
1.000,0.000,0.000,0.000,0.000,0.000,0.000
1.000,0.000,0.000,0.000,0.000,0.000,0.000
0.993,0.000,0.000,0.000,0.000,0.007,0.000
1.000,0.000,0.000,0.000,0.000,0.000,0.000
0.510,0.000,0.000,0.000,0.000,0.490,0.000
0.269,0.000,0.000,0.000,0.000,0.731,0.000
0.000,0.000,0.000,0.000,0.000,1.000,0.000
0.000,0.000,0.000,0.000,0.000,1.000,0.000
0.002,0.000,0.000,0.000,0.000,0.998,0.000
0.940,0.000,0.000,0.000,0.000,0.060,0.000
0.578,0.000,0.000,0.000,0.000,0.422,0.000
0.837,0.000,0.000,0.000,0.000,0.163,0.000
1.000,0.000,0.000,0.000,0.000,0.000,0.000
0.000,0.000,0.000,0.000,0.000,1.000,0.000
0.061,0.000,0.000,0.000,0.000,0.939,0.000
0.018,0.000,0.000,0.000,0.000,0.982,0.000
0.000,0.000,0.000,0.000,0.000,1.000,0.000
0.001,0.000,0.000,0.000,0.000,0.999,0.000
0.979,0.000,0.000,0.000,0.000,0.021,0.000
0.565,0.000,0.000,0.000,0.000,0.435,0.000
0.506,0.000,0.000,0.000,0.000,0.494,0.000
0.993,0.000,0.000,0.000,0.000,0.007,0.000
0.603,0.000,0.000,0.000,0.000,0.397,0.000
0.338,0.000,0.000,0.000,0.000,0.662,0.000
0.001,0.000,0.000,0.000,0.000,0.999,0.000
0.934,0.000,0.000,0.000,0.000,0.066,0.000
1.000,0.000,0.000,0.000,0.000,0.000,0.000
1.000,0.000,0.000,0.000,0.000,0.000,0.000
1.000,0.000,0.000,0.000,0.000,0.000,0.000
1.000,0.000,0.000,0.000,0.000,0.000,0.000
1.000,0.000,0.000,0.000,0.000,0.000,0.000
1.000,0.000,0.000,0.000,0.000,0.000,0.000
0.058,0.000,0.000,0.000,0.000,0.942,0.000
0.091,0.000,0.000,0.000,0.000,0.909,0.000
0.990,0.000,0.000,0.000,0.000,0.010,0.000
0.001,0.000,0.000,0.000,0.000,0.999,0.000
0.001,0.000,0.000,0.000,0.000,0.999,0.000
1.000,0.000,0.000,0.000,0.000,0.000,0.000
1.000,0.000,0.000,0.000,0.000,0.000,0.000
1.000,0.000,0.000,0.000,0.000,0.000,0.000
1.000,0.000,0.000,0.000,0.000,0.000,0.000
1.000,0.000,0.000,0.000,0.000,0.000,0.000
1.000,0.000,0.000,0.000,0.000,0.000,0.000
1.000,0.000,0.000,0.000,0.000,0.000,0.000
1.000,0.000,0.000,0.000,0.000,0.000,0.000
1.000,0.000,0.000,0.000,0.000,0.000,0.000
1.000,0.000,0.000,0.000,0.000,0.000,0.000
1.000,0.000,0.000,0.000,0.000,0.000,0.000
1.000,0.000,0.000,0.000,0.000,0.000,0.000
0.995,0.000,0.000,0.000,0.000,0.005,0.000
1.000,0.000,0.000,0.000,0.000,0.000,0.000
1.000,0.000,0.000,0.000,0.000,0.000,0.000
1.000,0.000,0.000,0.000,0.000,0.000,0.000
1.000,0.000,0.000,0.000,0.000,0.000,0.000
0.348,0.000,0.000,0.000,0.000,0.652,0.000
0.447,0.000,0.000,0.000,0.000,0.553,0.000
1.000,0.000,0.000,0.000,0.000,0.000,0.000
0.000,0.026,0.971,0.000,0.000,0.003,0.000
1.000,0.000,0.000,0.000,0.000,0.000,0.000
1.000,0.000,0.000,0.000,0.000,0.000,0.000
1.000,0.000,0.000,0.000,0.000,0.000,0.000
1.000,0.000,0.000,0.000,0.000,0.000,0.000
0.972,0.000,0.000,0.000,0.000,0.028,0.000
0.999,0.000,0.000,0.000,0.000,0.001,0.000
1.000,0.000,0.000,0.000,0.000,0.000,0.000
1.000,0.000,0.000,0.000,0.000,0.000,0.000
0.707,0.000,0.000,0.000,0.000,0.293,0.000
0.705,0.000,0.000,0.000,0.000,0.295,0.000
1.000,0.000,0.000,0.000,0.000,0.000,0.000
1.000,0.000,0.000,0.000,0.000,0.000,0.000
1.000,0.000,0.000,0.000,0.000,0.000,0.000
1.000,0.000,0.000,0.000,0.000,0.000,0.000
1.000,0.000,0.000,0.000,0.000,0.000,0.000
1.000,0.000,0.000,0.000,0.000,0.000,0.000
1.000,0.000,0.000,0.000,0.000,0.000,0.000
1.000,0.000,0.000,0.000,0.000,0.000,0.000
1.000,0.000,0.000,0.000,0.000,0.000,0.000
1.000,0.000,0.000,0.000,0.000,0.000,0.000
0.732,0.000,0.000,0.000,0.000,0.268,0.000
0.732,0.000,0.000,0.000,0.000,0.268,0.000
0.003,0.000,0.000,0.000,0.000,0.997,0.000
1.000,0.000,0.000,0.000,0.000,0.000,0.000
1.000,0.000,0.000,0.000,0.000,0.000,0.000
1.000,0.000,0.000,0.000,0.000,0.000,0.000
1.000,0.000,0.000,0.000,0.000,0.000,0.000
1.000,0.000,0.000,0.000,0.000,0.000,0.000
0.999,0.000,0.000,0.000,0.000,0.001,0.000
1.000,0.000,0.000,0.000,0.000,0.000,0.000
0.586,0.000,0.000,0.000,0.000,0.414,0.000
0.999,0.000,0.000,0.000,0.000,0.001,0.000
1.000,0.000,0.000,0.000,0.000,0.000,0.000
1.000,0.000,0.000,0.000,0.000,0.000,0.000
1.000,0.000,0.000,0.000,0.000,0.000,0.000
1.000,0.000,0.000,0.000,0.000,0.000,0.000
1.000,0.000,0.000,0.000,0.000,0.000,0.000
0.998,0.000,0.000,0.000,0.000,0.002,0.000
0.863,0.000,0.000,0.000,0.000,0.137,0.000
1.000,0.000,0.000,0.000,0.000,0.000,0.000
1.000,0.000,0.000,0.000,0.000,0.000,0.000
1.000,0.000,0.000,0.000,0.000,0.000,0.000
0.000,0.000,0.000,0.000,0.000,1.000,0.000
0.005,0.000,0.000,0.000,0.000,0.995,0.000
0.025,0.000,0.000,0.000,0.000,0.975,0.000
0.035,0.000,0.000,0.000,0.000,0.965,0.000
0.035,0.000,0.000,0.000,0.000,0.965,0.000
1.000,0.000,0.000,0.000,0.000,0.000,0.000
1.000,0.000,0.000,0.000,0.000,0.000,0.000
1.000,0.000,0.000,0.000,0.000,0.000,0.000
0.871,0.000,0.000,0.000,0.000,0.129,0.000
0.000,0.000,0.000,0.000,0.000,1.000,0.000
0.000,0.000,0.000,0.000,0.000,1.000,0.000
1.000,0.000,0.000,0.000,0.000,0.000,0.000
0.000,0.000,0.000,0.000,0.000,1.000,0.000
1.000,0.000,0.000,0.000,0.000,0.000,0.000
1.000,0.000,0.000,0.000,0.000,0.000,0.000
1.000,0.000,0.000,0.000,0.000,0.000,0.000
1.000,0.000,0.000,0.000,0.000,0.000,0.000
1.000,0.000,0.000,0.000,0.000,0.000,0.000
1.000,0.000,0.000,0.000,0.000,0.000,0.000
0.000,0.000,0.000,0.000,0.000,1.000,0.000
0.000,0.000,0.000,0.000,0.000,1.000,0.000
0.000,0.000,0.000,0.000,0.000,1.000,0.000
0.000,0.000,0.000,0.000,0.000,1.000,0.000
0.000,0.000,0.000,0.000,0.000,1.000,0.000
0.001,0.000,0.000,0.000,0.000,0.999,0.000
0.000,0.000,0.000,0.000,0.000,1.000,0.000
1.000,0.000,0.000,0.000,0.000,0.000,0.000
1.000,0.000,0.000,0.000,0.000,0.000,0.000
1.000,0.000,0.000,0.000,0.000,0.000,0.000
1.000,0.000,0.000,0.000,0.000,0.000,0.000
0.000,0.000,0.000,0.000,0.000,1.000,0.000
0.000,0.000,0.000,0.000,0.000,1.000,0.000
0.000,0.000,0.000,0.000,0.000,1.000,0.000
0.000,0.000,0.000,0.000,0.000,1.000,0.000
0.000,0.000,0.000,0.000,0.000,1.000,0.000
0.000,0.000,0.000,0.000,0.000,1.000,0.000
1.000,0.000,0.000,0.000,0.000,0.000,0.000
0.002,0.000,0.000,0.000,0.000,0.998,0.000
1.000,0.000,0.000,0.000,0.000,0.000,0.000
1.000,0.000,0.000,0.000,0.000,0.000,0.000
1.000,0.000,0.000,0.000,0.000,0.000,0.000
0.972,0.000,0.000,0.000,0.000,0.028,0.000
0.074,0.000,0.000,0.000,0.000,0.926,0.000
0.000,0.000,0.000,0.000,0.000,1.000,0.000
0.000,0.000,0.000,0.000,1.000,0.000,0.000
0.000,0.000,0.000,0.000,1.000,0.000,0.000
0.000,0.000,0.000,0.585,0.415,0.000,0.000
0.000,0.000,0.000,0.927,0.073,0.000,0.000
0.000,0.000,0.766,0.234,0.000,0.000,0.000
0.000,0.000,0.937,0.063,0.000,0.000,0.000
0.000,0.000,0.104,0.896,0.000,0.000,0.000
0.000,0.000,1.000,0.000,0.000,0.000,0.000
0.000,0.000,1.000,0.000,0.000,0.000,0.000
0.000,0.000,0.122,0.000,0.000,0.878,0.000
0.000,0.000,0.073,0.000,0.000,0.927,0.000
0.000,0.000,0.000,0.000,0.000,1.000,0.000
0.000,0.000,0.947,0.053,0.000,0.000,0.000
0.325,0.000,0.000,0.000,0.000,0.675,0.000
0.000,0.000,0.986,0.014,0.000,0.000,0.000
0.000,0.000,1.000,0.000,0.000,0.000,0.000
0.000,0.000,0.677,0.323,0.000,0.000,0.000
0.000,0.000,0.977,0.023,0.000,0.000,0.000
0.000,0.000,0.000,0.000,0.000,1.000,0.000
0.000,0.000,0.000,0.000,0.000,1.000,0.000
0.000,0.000,0.000,0.000,0.000,1.000,0.000
0.000,0.000,0.000,0.000,0.000,1.000,0.000
0.000,0.000,0.000,0.000,0.000,1.000,0.000
0.000,0.000,0.000,0.000,0.000,1.000,0.000
0.000,0.000,0.000,0.000,0.000,1.000,0.000
0.000,0.000,0.000,0.000,0.000,1.000,0.000
0.000,0.000,0.000,0.000,0.000,1.000,0.000
0.000,0.000,0.995,0.000,0.000,0.005,0.000
0.000,0.000,0.998,0.000,0.000,0.002,0.000
0.000,0.000,0.043,0.000,0.000,0.957,0.000
0.000,0.000,0.148,0.000,0.000,0.852,0.000
0.000,0.000,0.000,0.000,0.000,1.000,0.000
0.000,0.000,0.000,0.000,0.000,1.000,0.000
0.001,0.000,0.000,0.000,0.000,0.999,0.000
0.008,0.000,0.000,0.000,0.000,0.992,0.000
0.000,0.000,0.000,0.000,0.000,1.000,0.000
0.001,0.000,0.000,0.000,0.000,0.999,0.000
0.000,0.000,0.000,0.000,0.000,1.000,0.000
0.000,0.000,0.005,0.000,0.000,0.995,0.000
0.000,0.000,0.998,0.002,0.000,0.000,0.000
0.000,0.000,1.000,0.000,0.000,0.000,0.000
0.000,0.000,0.000,0.000,0.000,1.000,0.000
0.000,0.000,0.000,0.000,0.000,1.000,0.000
0.000,0.000,0.000,0.000,0.000,1.000,0.000
0.000,0.000,0.000,0.000,0.000,1.000,0.000
0.000,0.000,0.000,0.000,0.000,1.000,0.000
0.000,0.000,0.000,0.000,0.000,1.000,0.000
0.000,0.000,0.000,0.000,0.000,1.000,0.000
0.000,0.000,0.998,0.000,0.000,0.002,0.000
0.000,0.000,0.991,0.000,0.000,0.009,0.000
0.000,0.000,1.000,0.000,0.000,0.000,0.000
0.000,0.000,0.987,0.000,0.000,0.013,0.000
0.000,0.000,0.000,0.000,0.000,1.000,0.000
0.000,0.000,0.000,0.000,0.000,1.000,0.000
0.000,0.000,0.000,0.000,0.000,1.000,0.000
0.001,0.000,0.000,0.000,0.000,0.999,0.000
0.000,0.000,0.000,0.000,0.000,1.000,0.000
0.000,0.000,0.000,0.000,0.000,1.000,0.000
0.000,0.000,0.000,0.950,0.050,0.000,0.000
0.000,0.000,0.000,0.000,0.000,1.000,0.000
0.000,0.000,1.000,0.000,0.000,0.000,0.000
0.000,0.000,1.000,0.000,0.000,0.000,0.000
0.000,0.000,0.999,0.001,0.000,0.000,0.000
0.000,0.000,0.000,0.000,0.000,1.000,0.000
0.000,0.000,0.003,0.000,0.000,0.997,0.000
0.000,0.000,0.000,0.000,0.000,1.000,0.000
0.000,0.000,0.000,0.000,0.000,1.000,0.000
0.000,0.000,0.000,0.000,0.000,1.000,0.000
0.000,0.000,0.000,0.000,0.000,1.000,0.000
0.183,0.000,0.000,0.000,0.000,0.817,0.000
0.028,0.000,0.000,0.000,0.000,0.972,0.000
0.999,0.000,0.000,0.000,0.000,0.001,0.000
1.000,0.000,0.000,0.000,0.000,0.000,0.000
0.994,0.000,0.000,0.000,0.000,0.006,0.000
1.000,0.000,0.000,0.000,0.000,0.000,0.000
1.000,0.000,0.000,0.000,0.000,0.000,0.000
0.450,0.000,0.000,0.000,0.000,0.550,0.000
0.009,0.000,0.000,0.000,0.000,0.897,0.094
0.000,0.001,0.000,0.000,0.000,0.007,0.992
0.985,0.000,0.000,0.000,0.000,0.015,0.000
0.996,0.000,0.000,0.000,0.000,0.004,0.000
0.914,0.000,0.000,0.000,0.000,0.086,0.000
0.308,0.000,0.000,0.000,0.000,0.692,0.000
0.000,0.001,0.000,0.000,0.000,0.012,0.987
0.000,0.000,0.000,0.000,0.000,0.022,0.978
0.001,0.000,0.000,0.000,0.000,0.241,0.758
0.072,0.000,0.000,0.000,0.000,0.928,0.000
1.000,0.000,0.000,0.000,0.000,0.000,0.000
1.000,0.000,0.000,0.000,0.000,0.000,0.000
0.496,0.000,0.000,0.000,0.000,0.504,0.000
0.014,0.000,0.000,0.000,0.000,0.986,0.000
0.000,0.364,0.636,0.000,0.000,0.000,0.000
0.000,0.999,0.001,0.000,0.000,0.001,0.000
0.000,0.004,0.000,0.000,0.000,0.014,0.982
0.000,0.003,0.000,0.000,0.000,0.010,0.987
0.015,0.000,0.000,0.000,0.000,0.960,0.025
0.030,0.000,0.000,0.000,0.000,0.970,0.000
0.978,0.000,0.000,0.000,0.000,0.022,0.000
0.004,0.018,0.000,0.000,0.000,0.943,0.034
0.003,0.003,0.000,0.000,0.000,0.992,0.002
0.000,0.733,0.261,0.000,0.000,0.006,0.000
0.000,0.008,0.948,0.000,0.000,0.043,0.000
0.007,0.000,0.000,0.000,0.000,0.984,0.009
1.000,0.000,0.000,0.000,0.000,0.000,0.000
1.000,0.000,0.000,0.000,0.000,0.000,0.000
1.000,0.000,0.000,0.000,0.000,0.000,0.000
0.918,0.000,0.000,0.000,0.000,0.082,0.000
0.000,0.000,1.000,0.000,0.000,0.000,0.000
0.000,0.000,0.914,0.000,0.000,0.086,0.000
0.001,0.000,0.484,0.000,0.000,0.515,0.000
0.000,0.000,0.998,0.000,0.000,0.002,0.000
0.015,0.000,0.000,0.000,0.000,0.985,0.000
1.000,0.000,0.000,0.000,0.000,0.000,0.000
0.034,0.000,0.000,0.000,0.000,0.966,0.000
0.628,0.000,0.000,0.000,0.000,0.372,0.000
0.984,0.000,0.000,0.000,0.000,0.016,0.000
0.005,0.000,0.000,0.000,0.000,0.995,0.000
0.000,0.167,0.829,0.000,0.000,0.004,0.000
0.000,0.000,0.307,0.693,0.000,0.000,0.000
0.000,0.000,0.000,0.000,1.000,0.000,0.000
0.000,0.000,0.117,0.000,0.000,0.883,0.000
0.000,0.000,0.001,0.000,0.000,0.999,0.000
0.000,0.000,0.001,0.000,0.000,0.999,0.000
0.000,0.000,0.000,0.000,0.000,1.000,0.000
0.000,0.000,0.000,0.000,0.000,1.000,0.000
0.000,0.000,0.000,0.000,0.000,1.000,0.000
0.000,0.000,0.000,0.000,0.000,1.000,0.000
0.000,0.000,0.000,0.000,0.000,1.000,0.000
0.000,0.000,0.989,0.000,0.000,0.011,0.000
0.000,0.000,0.918,0.000,0.000,0.082,0.000
0.000,0.000,0.997,0.000,0.000,0.003,0.000
0.000,0.000,0.787,0.213,0.000,0.000,0.000
0.000,0.000,0.102,0.897,0.001,0.000,0.000
0.000,0.000,0.957,0.043,0.000,0.000,0.000
0.000,0.000,0.958,0.042,0.000,0.000,0.000
0.000,0.000,0.033,0.000,0.000,0.967,0.000
0.000,0.000,0.811,0.189,0.000,0.000,0.000
0.000,0.000,0.872,0.000,0.000,0.128,0.000
0.000,0.000,1.000,0.000,0.000,0.000,0.000
0.000,0.000,0.756,0.000,0.000,0.244,0.000
0.000,0.000,0.999,0.001,0.000,0.000,0.000
0.000,0.000,0.878,0.122,0.000,0.000,0.000
0.000,0.000,0.024,0.967,0.009,0.000,0.000
1.000,0.000,0.000,0.000,0.000,0.000,0.000
1.000,0.000,0.000,0.000,0.000,0.000,0.000
1.000,0.000,0.000,0.000,0.000,0.000,0.000
1.000,0.000,0.000,0.000,0.000,0.000,0.000
0.022,0.000,0.000,0.000,0.000,0.978,0.000
0.104,0.000,0.000,0.000,0.000,0.896,0.000
0.000,0.000,0.000,0.844,0.156,0.000,0.000
0.000,0.000,0.206,0.793,0.001,0.000,0.000
0.000,0.000,0.999,0.001,0.000,0.000,0.000
0.000,0.000,1.000,0.000,0.000,0.000,0.000
0.000,0.000,0.494,0.000,0.000,0.506,0.000
0.000,0.000,0.291,0.000,0.000,0.709,0.000
0.000,0.000,0.001,0.000,0.000,0.999,0.000
0.000,0.000,0.000,0.000,0.000,1.000,0.000
0.000,0.000,0.000,0.000,0.000,1.000,0.000
0.000,0.000,1.000,0.000,0.000,0.000,0.000
0.000,0.000,0.870,0.000,0.000,0.130,0.000
0.000,0.000,0.880,0.000,0.000,0.120,0.000
0.000,0.000,0.000,0.000,0.000,1.000,0.000
0.000,0.000,0.000,0.000,0.000,1.000,0.000
0.000,0.000,0.998,0.000,0.000,0.002,0.000
0.000,0.000,0.000,0.002,0.998,0.000,0.000
0.000,0.000,0.935,0.065,0.000,0.000,0.000
0.000,0.000,0.584,0.000,0.000,0.416,0.000
0.000,0.000,0.000,0.000,0.000,1.000,0.000
0.000,0.000,0.000,0.000,0.000,1.000,0.000
0.000,0.000,0.000,0.000,0.000,1.000,0.000
0.000,0.000,0.998,0.002,0.000,0.000,0.000
0.000,0.000,0.019,0.000,0.000,0.981,0.000
0.000,0.000,0.000,0.000,0.000,1.000,0.000
0.000,0.000,0.000,0.000,0.000,1.000,0.000
0.000,0.000,0.000,0.000,0.000,1.000,0.000
0.000,0.000,0.000,0.000,0.000,1.000,0.000
0.000,0.000,0.000,0.000,0.000,1.000,0.000
0.000,0.000,0.000,0.000,0.000,1.000,0.000
0.000,0.000,0.000,0.000,0.000,1.000,0.000
0.000,0.000,1.000,0.000,0.000,0.000,0.000
1.000,0.000,0.000,0.000,0.000,0.000,0.000
1.000,0.000,0.000,0.000,0.000,0.000,0.000
1.000,0.000,0.000,0.000,0.000,0.000,0.000
1.000,0.000,0.000,0.000,0.000,0.000,0.000
1.000,0.000,0.000,0.000,0.000,0.000,0.000
0.982,0.000,0.000,0.000,0.000,0.018,0.000
0.000,0.000,0.997,0.003,0.000,0.000,0.000
0.000,0.000,0.256,0.744,0.000,0.000,0.000
0.001,0.000,0.000,0.000,0.000,0.999,0.000
0.000,0.000,0.000,0.000,0.000,1.000,0.000
0.000,0.000,0.000,0.000,0.000,1.000,0.000
0.000,0.000,0.999,0.000,0.000,0.001,0.000
0.000,0.000,0.000,0.000,0.000,1.000,0.000
0.000,0.000,0.000,0.000,0.000,1.000,0.000
0.000,0.000,0.000,0.000,0.000,1.000,0.000
1.000,0.000,0.000,0.000,0.000,0.000,0.000
1.000,0.000,0.000,0.000,0.000,0.000,0.000
0.001,0.000,0.000,0.000,0.000,0.999,0.000
0.000,0.084,0.913,0.000,0.000,0.003,0.000
0.000,0.997,0.002,0.000,0.000,0.001,0.000
0.000,0.997,0.001,0.000,0.000,0.002,0.000
0.000,0.008,0.000,0.000,0.000,0.992,0.000
0.000,0.000,0.999,0.001,0.000,0.000,0.000
0.000,0.000,0.999,0.001,0.000,0.000,0.000
0.000,0.000,0.999,0.001,0.000,0.000,0.000
0.000,0.000,0.999,0.001,0.000,0.000,0.000
0.643,0.000,0.000,0.000,0.000,0.357,0.000
1.000,0.000,0.000,0.000,0.000,0.000,0.000
1.000,0.000,0.000,0.000,0.000,0.000,0.000
1.000,0.000,0.000,0.000,0.000,0.000,0.000
0.999,0.000,0.000,0.000,0.000,0.001,0.000
1.000,0.000,0.000,0.000,0.000,0.000,0.000
1.000,0.000,0.000,0.000,0.000,0.000,0.000
0.000,0.776,0.000,0.000,0.000,0.224,0.000
0.000,0.064,0.936,0.000,0.000,0.000,0.000
0.000,0.000,0.953,0.047,0.000,0.000,0.000
0.000,0.000,0.929,0.071,0.000,0.000,0.000
0.000,0.000,0.992,0.008,0.000,0.000,0.000
0.000,0.000,0.999,0.001,0.000,0.000,0.000
0.000,0.999,0.001,0.000,0.000,0.000,0.000
0.000,0.000,0.276,0.723,0.000,0.000,0.000
0.000,0.008,0.992,0.000,0.000,0.000,0.000
0.003,0.000,0.000,0.000,0.000,0.997,0.000
0.000,0.000,0.997,0.003,0.000,0.000,0.000
0.000,0.194,0.000,0.000,0.000,0.030,0.775
0.000,0.999,0.000,0.000,0.000,0.001,0.000
0.000,0.996,0.004,0.000,0.000,0.000,0.000
0.017,0.000,0.000,0.000,0.000,0.983,0.000
0.000,0.006,0.994,0.000,0.000,0.000,0.000
0.000,0.999,0.000,0.000,0.000,0.001,0.000
0.000,0.993,0.000,0.000,0.000,0.002,0.005
0.000,0.999,0.001,0.000,0.000,0.000,0.000
0.000,0.996,0.004,0.000,0.000,0.000,0.000
0.000,0.753,0.247,0.000,0.000,0.000,0.000
0.000,0.999,0.001,0.000,0.000,0.000,0.000
0.000,0.938,0.062,0.000,0.000,0.000,0.000
0.000,0.989,0.000,0.000,0.000,0.011,0.000
0.000,0.905,0.095,0.000,0.000,0.000,0.000
0.000,0.649,0.351,0.000,0.000,0.000,0.000
0.000,0.949,0.051,0.000,0.000,0.000,0.000
0.000,0.997,0.002,0.000,0.000,0.001,0.000
0.000,0.976,0.000,0.000,0.000,0.024,0.000
0.000,0.893,0.107,0.000,0.000,0.000,0.000
0.000,0.999,0.000,0.000,0.000,0.000,0.000
0.000,0.998,0.000,0.000,0.000,0.002,0.000
0.000,0.984,0.016,0.000,0.000,0.000,0.000
0.000,0.996,0.004,0.000,0.000,0.000,0.000
0.000,0.308,0.692,0.000,0.000,0.000,0.000
0.001,0.307,0.000,0.000,0.000,0.558,0.134
0.000,0.000,0.963,0.037,0.000,0.000,0.000
0.000,0.868,0.132,0.000,0.000,0.000,0.000
0.000,0.999,0.001,0.000,0.000,0.000,0.000
0.000,0.999,0.000,0.000,0.000,0.001,0.000
0.000,0.999,0.001,0.000,0.000,0.000,0.000
0.000,0.991,0.009,0.000,0.000,0.000,0.000
0.000,0.997,0.003,0.000,0.000,0.000,0.000
0.000,0.999,0.001,0.000,0.000,0.000,0.000
0.001,0.000,0.000,0.000,0.000,0.972,0.026
0.000,0.000,0.989,0.011,0.000,0.000,0.000
0.000,0.989,0.011,0.000,0.000,0.000,0.000
0.000,0.998,0.002,0.000,0.000,0.000,0.000
0.000,0.778,0.222,0.000,0.000,0.000,0.000
0.000,0.000,0.846,0.154,0.000,0.000,0.000
0.000,0.994,0.000,0.000,0.000,0.005,0.001
0.000,0.000,0.424,0.576,0.000,0.000,0.000
0.000,0.000,0.111,0.889,0.000,0.000,0.000
0.000,0.000,1.000,0.000,0.000,0.000,0.000
0.000,0.000,0.999,0.001,0.000,0.000,0.000
0.000,0.998,0.002,0.000,0.000,0.000,0.000
0.000,0.000,0.998,0.002,0.000,0.000,0.000
0.000,0.166,0.834,0.000,0.000,0.000,0.000
0.000,0.000,0.999,0.000,0.000,0.000,0.000
0.000,0.000,0.902,0.098,0.000,0.000,0.000
0.000,0.996,0.003,0.000,0.000,0.000,0.000
0.000,0.000,0.082,0.918,0.000,0.000,0.000
0.000,0.000,0.011,0.988,0.001,0.000,0.000
0.000,0.000,0.975,0.025,0.000,0.000,0.000
0.000,0.000,0.027,0.973,0.000,0.000,0.000
0.000,0.000,0.999,0.001,0.000,0.000,0.000
0.000,0.000,0.006,0.993,0.001,0.000,0.000
0.000,0.000,0.888,0.112,0.000,0.000,0.000
0.000,0.000,0.970,0.030,0.000,0.000,0.000
0.000,0.011,0.989,0.000,0.000,0.000,0.000
0.000,0.000,0.000,0.493,0.507,0.000,0.000
0.000,0.000,0.009,0.990,0.001,0.000,0.000
0.000,0.017,0.983,0.000,0.000,0.000,0.000
0.000,0.000,0.000,0.010,0.990,0.000,0.000
0.000,0.000,0.554,0.446,0.000,0.000,0.000
0.000,0.000,0.710,0.290,0.000,0.000,0.000
0.000,0.000,0.940,0.060,0.000,0.000,0.000
0.000,0.000,0.973,0.027,0.000,0.000,0.000
0.000,0.000,0.000,0.694,0.306,0.000,0.000
0.000,0.000,1.000,0.000,0.000,0.000,0.000
0.000,0.000,0.100,0.899,0.000,0.000,0.000
0.000,0.000,0.000,0.358,0.642,0.000,0.000
0.000,0.000,0.991,0.009,0.000,0.000,0.000
0.000,0.038,0.000,0.000,0.000,0.011,0.951
0.000,0.000,0.001,0.995,0.004,0.000,0.000
0.000,0.001,0.999,0.000,0.000,0.000,0.000
0.000,0.000,0.006,0.993,0.001,0.000,0.000
0.000,0.087,0.913,0.000,0.000,0.000,0.000
0.000,0.000,0.998,0.002,0.000,0.000,0.000
0.002,0.000,0.000,0.000,0.000,0.992,0.005
0.000,0.776,0.000,0.000,0.000,0.048,0.176
0.000,0.000,0.000,0.422,0.578,0.000,0.000
0.000,0.000,0.000,0.177,0.823,0.000,0.000
0.000,0.000,0.995,0.005,0.000,0.000,0.000
0.000,0.000,0.000,0.763,0.237,0.000,0.000
0.000,0.001,0.999,0.000,0.000,0.000,0.000
0.000,0.000,0.796,0.204,0.000,0.000,0.000
0.000,0.973,0.027,0.000,0.000,0.000,0.000
0.000,0.000,0.153,0.846,0.000,0.000,0.000
0.000,0.170,0.830,0.000,0.000,0.000,0.000
0.000,0.999,0.000,0.000,0.000,0.001,0.000
0.000,0.999,0.000,0.000,0.000,0.000,0.000
0.000,0.000,0.619,0.381,0.000,0.000,0.000
0.000,0.977,0.023,0.000,0.000,0.000,0.000
0.000,0.001,0.000,0.000,0.000,0.094,0.905
0.000,0.000,0.994,0.006,0.000,0.000,0.000
0.000,0.999,0.001,0.000,0.000,0.000,0.000
0.000,0.000,0.957,0.043,0.000,0.000,0.000
0.000,0.324,0.676,0.000,0.000,0.000,0.000
0.000,0.000,1.000,0.000,0.000,0.000,0.000
0.000,0.993,0.000,0.000,0.000,0.007,0.000
0.000,0.729,0.271,0.000,0.000,0.000,0.000
0.000,0.000,0.999,0.001,0.000,0.000,0.000
0.000,0.966,0.034,0.000,0.000,0.000,0.000
0.000,0.997,0.000,0.000,0.000,0.003,0.000
0.000,0.908,0.092,0.000,0.000,0.000,0.000
0.000,0.999,0.000,0.000,0.000,0.000,0.000
0.000,0.037,0.962,0.000,0.000,0.000,0.000
0.000,0.995,0.005,0.000,0.000,0.000,0.000
0.000,0.996,0.000,0.000,0.000,0.004,0.000
0.009,0.000,0.000,0.000,0.000,0.991,0.000
0.000,0.999,0.000,0.000,0.000,0.000,0.000
0.000,0.041,0.000,0.000,0.000,0.039,0.920
0.000,0.999,0.000,0.000,0.000,0.001,0.000
0.000,0.996,0.000,0.000,0.000,0.004,0.000
0.000,0.997,0.000,0.000,0.000,0.003,0.000
0.000,0.999,0.000,0.000,0.000,0.000,0.000
0.000,0.993,0.007,0.000,0.000,0.000,0.000
0.000,0.000,0.000,0.000,0.000,0.039,0.961
0.001,0.000,0.000,0.000,0.000,0.999,0.000
0.988,0.000,0.000,0.000,0.000,0.012,0.000
0.000,0.999,0.001,0.000,0.000,0.000,0.000
0.003,0.000,0.000,0.000,0.000,0.333,0.664
0.000,0.991,0.000,0.000,0.000,0.004,0.005
0.000,0.002,0.998,0.000,0.000,0.000,0.000
0.000,0.999,0.000,0.000,0.000,0.001,0.000
0.000,0.995,0.000,0.000,0.000,0.005,0.000
0.000,0.000,0.000,0.000,0.000,0.041,0.959
0.000,0.999,0.001,0.000,0.000,0.000,0.000
0.000,0.000,0.000,0.000,0.000,0.044,0.956
0.000,0.001,0.000,0.000,0.000,0.027,0.972
0.000,0.984,0.000,0.000,0.000,0.012,0.003
0.000,0.153,0.000,0.000,0.000,0.010,0.837
0.000,0.003,0.000,0.000,0.000,0.009,0.988
0.000,0.999,0.000,0.000,0.000,0.000,0.000
0.000,0.000,0.000,0.003,0.997,0.000,0.000
0.000,0.000,0.000,0.000,1.000,0.000,0.000
0.000,0.998,0.000,0.000,0.000,0.002,0.000
0.000,0.000,0.000,0.003,0.997,0.000,0.000
0.000,0.000,0.000,0.043,0.957,0.000,0.000
0.000,0.000,0.000,0.005,0.995,0.000,0.000
0.000,0.000,0.996,0.004,0.000,0.000,0.000
0.000,0.000,0.000,0.005,0.995,0.000,0.000
0.000,0.000,0.000,0.000,1.000,0.000,0.000
0.000,0.000,0.000,0.000,1.000,0.000,0.000
0.000,0.000,0.000,0.199,0.801,0.000,0.000
0.000,0.000,0.000,0.000,1.000,0.000,0.000
0.000,0.000,0.000,0.005,0.995,0.000,0.000
0.000,0.000,0.000,0.964,0.036,0.000,0.000
0.000,0.000,0.734,0.266,0.000,0.000,0.000
0.000,0.000,0.273,0.727,0.000,0.000,0.000
0.000,0.000,0.997,0.003,0.000,0.000,0.000
0.000,0.000,0.744,0.256,0.000,0.000,0.000
0.000,0.000,0.029,0.970,0.001,0.000,0.000
0.000,0.000,0.010,0.990,0.001,0.000,0.000
0.000,0.000,0.045,0.955,0.000,0.000,0.000
0.000,0.886,0.114,0.000,0.000,0.000,0.000
0.000,0.000,0.990,0.010,0.000,0.000,0.000
0.000,0.990,0.009,0.000,0.000,0.000,0.000
0.000,0.998,0.001,0.000,0.000,0.001,0.000
0.000,0.023,0.977,0.000,0.000,0.000,0.000
0.000,0.000,0.868,0.132,0.000,0.000,0.000
0.000,0.722,0.278,0.000,0.000,0.000,0.000
0.000,0.722,0.278,0.000,0.000,0.000,0.000
0.000,0.999,0.000,0.000,0.000,0.001,0.000
0.000,0.998,0.002,0.000,0.000,0.000,0.000
0.000,0.753,0.247,0.000,0.000,0.000,0.000
0.000,0.998,0.001,0.000,0.000,0.001,0.000
0.000,0.998,0.001,0.000,0.000,0.001,0.000
0.000,0.997,0.002,0.000,0.000,0.001,0.000
0.000,0.971,0.029,0.000,0.000,0.000,0.000
0.000,0.779,0.221,0.000,0.000,0.000,0.000
0.000,0.997,0.003,0.000,0.000,0.000,0.000
0.000,0.992,0.008,0.000,0.000,0.000,0.000
0.000,0.998,0.000,0.000,0.000,0.002,0.000
0.001,0.063,0.000,0.000,0.000,0.937,0.000
0.001,0.003,0.000,0.000,0.000,0.997,0.000
0.000,0.977,0.000,0.000,0.000,0.023,0.000
0.000,0.996,0.000,0.000,0.000,0.004,0.000
