0.000,0.245,0.755,0.000,0.000,0.000
0.000,0.998,0.000,0.000,0.000,0.001
0.000,0.000,0.999,0.001,0.000,0.000
0.000,0.200,0.800,0.000,0.000,0.000
0.000,0.998,0.002,0.000,0.000,0.001
0.000,0.998,0.002,0.000,0.000,0.001
0.000,0.997,0.000,0.000,0.000,0.003
0.000,0.980,0.000,0.000,0.000,0.020
0.000,0.964,0.000,0.000,0.000,0.036
0.000,0.993,0.000,0.000,0.000,0.007
0.000,0.998,0.001,0.000,0.000,0.002
0.000,0.955,0.000,0.000,0.000,0.045
0.000,0.996,0.000,0.000,0.000,0.004
0.000,0.859,0.141,0.000,0.000,0.000
0.000,0.810,0.190,0.000,0.000,0.000
0.000,0.146,0.854,0.000,0.000,0.000
0.000,0.454,0.546,0.000,0.000,0.000
0.000,0.143,0.857,0.000,0.000,0.000
0.000,0.038,0.962,0.000,0.000,0.000
0.000,0.065,0.935,0.000,0.000,0.000
0.000,0.111,0.889,0.000,0.000,0.000
0.000,0.358,0.642,0.000,0.000,0.000
0.000,0.217,0.783,0.000,0.000,0.000
0.000,0.047,0.953,0.000,0.000,0.000
0.000,0.371,0.629,0.000,0.000,0.000
0.000,0.911,0.089,0.000,0.000,0.000
0.000,0.754,0.246,0.000,0.000,0.000
0.000,0.754,0.246,0.000,0.000,0.000
0.000,0.671,0.015,0.000,0.000,0.314
0.001,0.000,0.000,0.000,0.000,0.999
0.001,0.000,0.008,0.000,0.000,0.991
0.000,0.000,0.000,0.000,0.000,1.000
0.000,0.000,0.000,0.000,0.000,1.000
0.000,0.000,0.000,0.000,0.000,1.000
0.000,0.000,0.000,0.000,0.000,1.000
0.000,0.000,0.000,0.000,0.000,1.000
0.000,0.000,0.000,0.000,0.000,1.000
0.000,0.000,0.015,0.000,0.000,0.985
0.000,0.000,0.000,0.000,0.000,1.000
0.000,0.000,0.033,0.000,0.000,0.967
0.000,0.000,0.000,0.000,0.000,1.000
0.000,0.000,0.000,0.000,0.000,1.000
0.000,0.000,0.000,0.000,0.000,1.000
0.000,0.000,0.000,0.000,0.000,1.000
0.000,0.000,0.000,0.000,0.000,1.000
0.000,0.000,0.000,0.000,0.000,1.000
0.000,0.000,0.000,0.000,0.000,1.000
0.000,0.000,0.000,0.000,0.000,1.000
0.000,0.000,0.000,0.000,0.000,1.000
0.000,0.000,0.000,0.000,0.000,1.000
0.000,0.000,0.000,0.000,0.000,1.000
0.000,0.000,0.000,0.000,0.000,1.000
0.000,0.000,0.000,0.000,0.000,1.000
0.000,0.000,0.000,0.000,0.000,1.000
0.000,0.000,0.000,0.000,0.000,1.000
0.000,0.000,0.000,0.000,0.000,1.000
0.000,0.000,0.000,0.000,0.000,1.000
0.000,0.000,0.000,0.000,0.000,1.000
0.000,0.000,0.000,0.000,0.000,1.000
0.000,0.000,0.000,0.000,0.000,1.000
0.000,0.000,0.000,0.000,0.000,1.000
0.000,0.000,0.000,0.000,0.000,1.000
0.000,0.000,0.000,0.000,0.000,1.000
0.000,0.000,0.000,0.000,0.000,1.000
0.000,0.000,0.000,0.000,0.000,1.000
0.000,0.000,0.000,0.000,0.000,1.000
0.000,0.000,0.000,0.000,0.000,1.000
0.000,0.000,0.000,0.000,0.000,1.000
0.000,0.000,0.000,0.000,0.000,1.000
0.000,0.000,0.000,0.000,0.000,1.000
0.000,0.000,0.000,0.000,0.000,1.000
0.000,0.000,0.000,0.000,0.000,1.000
0.000,0.000,0.000,0.000,0.000,1.000
0.000,0.000,0.000,0.000,0.000,1.000
0.000,0.000,0.000,0.000,0.000,1.000
0.000,0.000,0.000,0.000,0.000,1.000
0.000,0.000,0.000,0.000,0.000,1.000
0.000,0.000,0.000,0.000,0.000,1.000
0.000,0.000,0.000,0.000,0.000,1.000
0.000,0.000,0.000,0.000,0.000,1.000
0.000,0.000,0.000,0.000,0.000,1.000
0.000,0.000,0.000,0.000,0.000,1.000
0.000,0.000,0.000,0.000,0.000,1.000
0.000,0.000,1.000,0.000,0.000,0.000
0.000,0.000,0.969,0.000,0.000,0.031
0.000,0.000,0.000,0.000,0.000,1.000
0.000,0.000,0.000,0.000,0.000,1.000
0.000,0.000,0.000,0.000,0.000,1.000
0.000,0.000,0.000,0.000,0.000,1.000
0.000,0.000,0.000,0.000,0.000,1.000
0.000,0.000,0.000,0.000,0.000,1.000
0.000,0.000,0.000,0.000,0.000,1.000
0.000,0.000,0.000,0.000,0.000,1.000
0.000,0.000,0.000,0.000,0.000,1.000
0.000,0.000,0.000,0.000,0.000,1.000
0.000,0.000,0.000,0.000,0.000,1.000
0.000,0.000,0.000,0.000,0.000,1.000
0.000,0.000,0.000,0.000,0.000,1.000
0.000,0.000,0.000,0.000,0.000,1.000
0.000,0.000,0.000,0.000,0.000,1.000
0.000,0.000,0.000,0.000,0.000,1.000
0.001,0.000,0.000,0.000,0.000,0.999
0.001,0.000,0.000,0.000,0.000,0.999
0.001,0.000,0.000,0.000,0.000,0.999
0.001,0.000,0.000,0.000,0.000,0.999
0.001,0.000,0.000,0.000,0.000,0.999
0.001,0.000,0.000,0.000,0.000,0.999
0.130,0.000,0.000,0.000,0.000,0.870
0.130,0.000,0.000,0.000,0.000,0.870
0.002,0.000,0.000,0.000,0.000,0.998
0.001,0.000,0.000,0.000,0.000,0.999
0.009,0.000,0.000,0.000,0.000,0.991
0.002,0.000,0.000,0.000,0.000,0.998
0.001,0.002,0.000,0.000,0.000,0.998
0.003,0.000,0.000,0.000,0.000,0.997
0.002,0.000,0.000,0.000,0.000,0.998
0.001,0.001,0.000,0.000,0.000,0.999
0.001,0.000,0.000,0.000,0.000,0.999
0.001,0.000,0.000,0.000,0.000,0.999
0.000,0.074,0.000,0.000,0.000,0.925
0.000,0.023,0.000,0.000,0.000,0.976
0.000,0.119,0.000,0.000,0.000,0.881
0.000,0.054,0.000,0.000,0.000,0.945
0.000,0.409,0.000,0.000,0.000,0.591
0.001,0.000,0.000,0.000,0.000,0.999
0.001,0.000,0.000,0.000,0.000,0.998
0.000,0.026,0.000,0.000,0.000,0.973
0.001,0.005,0.000,0.000,0.000,0.995
0.001,0.004,0.000,0.000,0.000,0.995
0.001,0.004,0.000,0.000,0.000,0.995
0.001,0.001,0.000,0.000,0.000,0.998
0.001,0.001,0.000,0.000,0.000,0.999
0.000,0.417,0.000,0.000,0.000,0.583
0.001,0.002,0.000,0.000,0.000,0.998
0.001,0.008,0.000,0.000,0.000,0.992
0.000,0.332,0.000,0.000,0.000,0.668
0.000,0.054,0.000,0.000,0.000,0.946
0.001,0.022,0.000,0.000,0.000,0.977
0.000,0.118,0.000,0.000,0.000,0.881
0.000,0.914,0.000,0.000,0.000,0.086
0.000,0.940,0.000,0.000,0.000,0.059
0.000,0.998,0.000,0.000,0.000,0.002
0.000,0.864,0.000,0.000,0.000,0.135
0.000,0.999,0.001,0.000,0.000,0.000
0.000,0.997,0.003,0.000,0.000,0.000
0.009,0.000,0.000,0.000,0.000,0.991
0.000,0.981,0.000,0.000,0.000,0.019
0.000,0.999,0.000,0.000,0.000,0.001
0.002,0.621,0.000,0.000,0.000,0.376
0.001,0.861,0.000,0.000,0.000,0.138
0.001,0.605,0.000,0.000,0.000,0.395
0.001,0.681,0.000,0.000,0.000,0.319
0.003,0.023,0.000,0.000,0.000,0.974
0.005,0.092,0.000,0.000,0.000,0.902
0.000,0.988,0.012,0.000,0.000,0.000
0.000,0.999,0.001,0.000,0.000,0.000
0.000,0.972,0.028,0.000,0.000,0.000
0.008,0.001,0.000,0.000,0.000,0.990
0.001,0.856,0.000,0.000,0.000,0.143
0.000,0.998,0.000,0.000,0.000,0.002
0.001,0.881,0.000,0.000,0.000,0.118
0.008,0.000,0.000,0.000,0.000,0.992
0.005,0.000,0.000,0.000,0.000,0.995
0.004,0.028,0.000,0.000,0.000,0.967
0.004,0.021,0.000,0.000,0.000,0.975
0.001,0.051,0.000,0.000,0.000,0.947
0.001,0.036,0.000,0.000,0.000,0.963
0.000,0.130,0.000,0.000,0.000,0.870
0.000,0.124,0.000,0.000,0.000,0.875
0.000,0.109,0.000,0.000,0.000,0.891
0.000,0.025,0.000,0.000,0.000,0.975
0.000,0.006,0.000,0.000,0.000,0.994
0.001,0.000,0.000,0.000,0.000,0.999
0.000,0.001,0.000,0.000,0.000,0.999
0.000,0.283,0.000,0.000,0.000,0.717
0.000,0.768,0.000,0.000,0.000,0.232
0.000,0.941,0.000,0.000,0.000,0.059
0.000,0.964,0.000,0.000,0.000,0.036
0.000,0.735,0.000,0.000,0.000,0.265
0.000,0.003,0.000,0.000,0.000,0.997
0.000,0.344,0.000,0.000,0.000,0.656
0.000,0.835,0.000,0.000,0.000,0.165
0.000,0.492,0.000,0.000,0.000,0.508
0.000,0.990,0.000,0.000,0.000,0.010
0.000,0.980,0.000,0.000,0.000,0.019
0.000,0.177,0.000,0.000,0.000,0.822
0.000,0.237,0.000,0.000,0.000,0.763
0.000,0.915,0.077,0.000,0.000,0.008
0.000,0.102,0.898,0.000,0.000,0.000
1.000,0.000,0.000,0.000,0.000,0.000
0.000,0.000,0.000,0.000,1.000,0.000
0.000,0.963,0.000,0.000,0.000,0.037
0.000,0.998,0.000,0.000,0.000,0.002
0.000,0.000,0.000,0.000,0.000,1.000
0.001,0.000,0.000,0.000,0.000,0.999
0.000,0.000,0.000,0.000,1.000,0.000
0.000,0.000,0.000,0.000,0.000,1.000
0.000,0.000,0.043,0.000,0.000,0.956
0.000,0.000,0.100,0.000,0.000,0.900
0.000,0.000,0.008,0.000,0.000,0.992
0.000,0.000,0.019,0.000,0.000,0.981
0.000,0.000,0.000,0.000,0.000,1.000
0.000,0.000,0.011,0.000,0.000,0.989
0.000,0.000,0.316,0.000,0.000,0.684
0.000,0.000,0.000,0.000,1.000,0.000
0.000,0.000,1.000,0.000,0.000,0.000
0.000,0.000,0.318,0.000,0.000,0.682
0.000,0.000,0.991,0.000,0.000,0.009
0.000,0.000,0.652,0.000,0.000,0.347
0.000,0.000,0.652,0.000,0.000,0.347
0.000,0.000,0.000,0.000,0.000,1.000
0.000,0.000,0.376,0.000,0.000,0.624
0.000,0.000,0.311,0.000,0.000,0.689
0.000,0.000,0.650,0.000,0.000,0.350
0.000,0.000,0.849,0.000,0.000,0.151
0.000,0.000,0.849,0.000,0.000,0.151
0.000,0.000,0.929,0.000,0.000,0.071
0.000,0.000,0.989,0.000,0.000,0.011
0.000,0.000,0.989,0.000,0.000,0.011
0.000,0.000,0.995,0.000,0.000,0.005
0.000,0.000,0.946,0.000,0.000,0.054
0.000,0.000,0.968,0.000,0.000,0.032
0.000,0.000,0.204,0.000,0.000,0.796
0.000,0.000,0.204,0.000,0.000,0.796
0.000,0.000,0.850,0.000,0.000,0.150
0.000,0.000,0.981,0.000,0.000,0.019
0.000,0.000,0.974,0.000,0.000,0.026
0.000,0.000,0.993,0.000,0.000,0.007
0.000,0.000,0.022,0.000,0.000,0.978
0.000,0.000,0.115,0.000,0.000,0.885
0.000,0.000,0.974,0.000,0.000,0.026
0.000,0.000,0.974,0.000,0.000,0.026
0.000,0.000,0.002,0.000,0.000,0.998
0.000,0.000,0.000,0.000,0.000,1.000
0.000,0.000,0.004,0.000,0.000,0.996
0.000,0.000,0.000,0.000,0.000,1.000
0.000,0.000,0.646,0.000,0.000,0.354
0.000,0.000,0.000,0.000,0.000,1.000
0.000,0.000,0.000,0.000,0.000,1.000
0.000,0.000,0.257,0.000,0.000,0.743
0.001,0.000,0.004,0.000,0.000,0.995
0.000,0.996,0.000,0.000,0.000,0.004
0.000,0.947,0.000,0.000,0.000,0.053
0.000,0.610,0.000,0.000,0.000,0.390
0.000,0.329,0.000,0.000,0.000,0.671
0.000,0.991,0.000,0.000,0.000,0.009
0.000,0.229,0.000,0.000,0.000,0.771
0.000,0.998,0.000,0.000,0.000,0.002
0.000,0.000,0.000,0.000,1.000,0.000
0.001,0.003,0.000,0.000,0.000,0.997
0.006,0.000,0.000,0.000,0.000,0.994
0.006,0.000,0.000,0.000,0.000,0.994
0.000,0.305,0.000,0.000,0.000,0.695
0.000,0.047,0.000,0.000,0.000,0.953
0.000,0.070,0.000,0.000,0.000,0.929
0.000,0.133,0.000,0.000,0.000,0.867
0.000,0.384,0.000,0.000,0.000,0.616
0.000,0.570,0.000,0.000,0.000,0.430
0.000,0.698,0.000,0.000,0.000,0.302
0.000,0.482,0.000,0.000,0.000,0.518
0.000,0.000,0.000,0.000,1.000,0.000
0.000,0.919,0.000,0.000,0.000,0.081
0.000,0.919,0.000,0.000,0.000,0.081
0.000,0.850,0.000,0.000,0.000,0.150
0.000,0.982,0.000,0.000,0.000,0.018
0.000,0.830,0.000,0.000,0.000,0.169
0.000,0.445,0.000,0.000,0.000,0.555
0.000,0.659,0.000,0.000,0.000,0.341
0.000,0.039,0.000,0.000,0.000,0.960
0.000,0.008,0.000,0.000,0.000,0.992
0.000,0.001,0.000,0.000,0.000,0.999
0.000,0.000,0.000,0.000,1.000,0.000
0.000,0.080,0.000,0.000,0.000,0.920
0.000,0.009,0.000,0.000,0.000,0.990
0.000,0.646,0.000,0.000,0.000,0.354
0.000,0.775,0.000,0.000,0.000,0.225
0.000,0.893,0.000,0.000,0.000,0.107
0.000,0.306,0.000,0.000,0.000,0.694
0.000,0.306,0.000,0.000,0.000,0.694
0.000,0.065,0.000,0.000,0.000,0.935
0.000,0.002,0.000,0.000,0.000,0.997
0.001,0.000,0.000,0.000,0.000,0.999
0.000,0.003,0.000,0.000,0.000,0.997
0.000,0.087,0.000,0.000,0.000,0.913
0.001,0.000,0.000,0.000,0.000,0.999
0.000,0.996,0.000,0.000,0.000,0.004
0.004,0.000,0.000,0.000,0.000,0.996
0.000,0.000,0.000,0.000,0.000,1.000
0.000,0.000,0.000,0.000,0.000,1.000
0.000,0.000,0.000,0.000,0.000,1.000
0.000,0.000,0.000,0.000,0.000,1.000
0.000,0.000,0.000,0.000,0.000,1.000
0.000,0.000,0.000,0.000,0.000,1.000
0.000,0.000,0.000,0.000,0.000,1.000
0.000,0.000,0.000,0.000,0.000,1.000
0.000,0.000,0.000,0.000,0.000,1.000
0.000,0.000,0.000,0.000,0.000,1.000
0.000,0.000,0.000,0.000,0.000,1.000
0.000,0.000,0.000,0.000,0.000,1.000
0.000,0.000,0.000,0.000,0.000,1.000
0.000,0.000,0.000,0.000,0.000,1.000
0.000,0.000,0.000,0.000,0.000,1.000
0.000,0.000,0.000,0.000,0.000,1.000
0.000,0.000,0.000,0.000,0.000,1.000
0.000,0.000,0.000,0.000,0.000,1.000
0.000,0.000,0.000,0.000,0.000,1.000
0.000,0.000,0.000,0.000,0.000,1.000
0.000,0.000,0.000,0.000,0.000,1.000
0.000,0.000,0.124,0.000,0.000,0.876
0.000,0.000,0.000,0.000,0.000,1.000
0.000,0.000,0.000,0.000,0.000,1.000
0.000,0.000,0.000,0.000,0.000,1.000
0.000,0.000,0.000,0.000,0.000,1.000
0.000,0.000,0.000,0.000,0.000,1.000
0.000,0.000,0.000,0.000,0.000,1.000
0.000,0.000,0.000,0.000,0.000,1.000
0.000,0.000,0.000,0.000,0.000,1.000
0.000,0.000,0.000,0.000,0.000,1.000
0.000,0.000,0.000,0.000,0.000,1.000
0.000,0.000,0.000,0.000,0.000,1.000
0.000,0.000,0.000,0.000,0.000,1.000
0.000,0.000,0.000,0.000,0.000,1.000
0.000,0.000,0.000,0.000,0.000,1.000
0.000,0.000,0.000,0.000,0.000,1.000
0.000,0.000,0.000,0.000,0.000,1.000
0.000,0.000,0.000,0.000,0.000,1.000
0.000,0.000,0.000,0.000,0.000,1.000
0.000,0.000,0.000,0.000,0.000,1.000
0.000,0.000,0.000,0.000,0.000,1.000
0.000,0.000,0.000,0.000,0.000,1.000
0.000,0.000,0.000,0.000,0.000,1.000
0.000,0.000,0.000,0.000,0.000,1.000
0.000,0.000,0.000,0.000,0.000,1.000
0.000,0.000,0.000,0.000,0.000,1.000
0.000,0.000,0.000,0.000,0.000,1.000
0.000,0.000,0.000,0.000,0.000,1.000
0.000,0.000,0.000,0.000,0.000,1.000
0.000,0.000,0.000,0.000,0.000,1.000
0.000,0.000,0.000,0.000,0.000,1.000
0.000,0.000,0.000,0.000,0.000,1.000
0.000,0.000,0.000,0.000,0.000,1.000
0.000,0.000,0.000,0.000,0.000,1.000
0.000,0.000,0.000,0.000,0.000,1.000
0.000,0.000,0.000,0.000,0.000,1.000
0.000,0.000,0.000,0.000,0.000,1.000
0.000,0.000,0.000,0.000,0.000,1.000
0.000,0.000,0.000,0.000,0.000,1.000
0.000,0.000,0.000,0.000,0.000,1.000
0.000,0.000,0.000,0.000,0.000,1.000
0.000,0.000,0.000,0.000,0.000,1.000
0.000,0.000,0.000,0.000,0.000,1.000
0.000,0.000,0.000,0.000,0.000,1.000
0.000,0.000,0.000,0.000,0.000,1.000
0.000,0.000,0.000,0.000,0.000,1.000
0.000,0.000,0.000,0.000,0.000,1.000
0.000,0.000,0.000,0.000,0.000,1.000
0.000,0.000,0.000,0.000,0.000,1.000
0.000,0.000,0.000,0.000,0.000,1.000
0.000,0.000,0.000,0.000,0.000,1.000
0.000,0.000,0.000,0.000,0.000,1.000
0.000,0.000,0.000,0.000,0.000,1.000
0.000,0.000,0.000,0.000,0.000,1.000
0.000,0.000,0.000,0.000,0.000,1.000
0.000,0.000,0.000,0.000,0.000,1.000
0.000,0.000,0.000,0.000,0.000,1.000
0.000,0.000,0.000,0.000,0.000,1.000
0.000,0.000,0.000,0.000,0.000,1.000
0.000,0.000,0.000,0.000,0.000,1.000
0.000,0.000,0.000,0.000,0.000,1.000
0.000,0.000,0.000,0.000,0.000,1.000
0.000,0.000,0.000,0.000,0.000,1.000
0.000,0.000,0.000,0.000,0.000,1.000
0.000,0.000,0.000,0.000,0.000,1.000
0.000,0.000,0.000,0.000,0.000,1.000
0.000,0.000,0.000,0.000,0.000,1.000
0.000,0.000,0.000,0.000,0.000,1.000
0.000,0.000,0.000,0.000,0.000,1.000
0.000,0.000,0.000,0.000,0.000,1.000
0.000,0.000,0.000,0.000,0.000,1.000
0.000,0.000,0.000,0.000,0.000,1.000
0.000,0.000,0.000,0.000,0.000,1.000
0.000,0.000,0.000,0.000,0.000,1.000
0.000,0.000,0.000,0.000,0.000,1.000
0.000,0.000,0.000,0.000,0.000,1.000
0.000,0.000,0.000,0.000,0.000,1.000
0.000,0.000,0.000,0.000,0.000,1.000
0.000,0.000,0.000,0.000,0.000,1.000
0.000,0.000,0.000,0.000,0.000,1.000
0.000,0.000,0.000,0.000,0.000,1.000
0.000,0.000,0.000,0.000,0.000,1.000
0.000,0.000,0.000,0.000,0.000,1.000
0.000,0.000,0.000,0.000,0.000,1.000
0.000,0.000,0.000,0.000,0.000,1.000
0.000,0.000,0.000,0.000,0.000,1.000
0.000,0.000,0.000,0.000,0.000,1.000
0.000,0.000,0.000,0.000,0.000,1.000
0.000,0.000,0.000,0.000,0.000,1.000
0.000,0.000,0.000,0.000,0.000,1.000
0.000,0.000,0.000,0.000,0.000,1.000
0.006,0.125,0.000,0.000,0.000,0.869
0.001,0.001,0.000,0.000,0.000,0.998
0.000,0.013,0.000,0.000,0.000,0.986
0.001,0.000,0.000,0.000,0.000,0.999
0.001,0.000,0.000,0.000,0.000,0.999
0.000,0.163,0.000,0.000,0.000,0.837
0.000,0.018,0.000,0.000,0.000,0.981
0.000,0.002,0.000,0.000,0.000,0.997
0.003,0.000,0.000,0.000,0.000,0.997
0.012,0.000,0.000,0.000,0.000,0.988
0.003,0.000,0.000,0.000,0.000,0.997
0.000,0.000,0.022,0.977,0.001,0.000
0.000,0.000,0.003,0.995,0.002,0.000
0.000,0.000,0.000,0.000,1.000,0.000
0.000,0.000,0.000,0.000,1.000,0.000
0.000,0.000,0.000,0.000,1.000,0.000
0.000,0.000,0.000,0.000,1.000,0.000
0.000,0.000,0.000,0.000,1.000,0.000
0.000,0.000,0.000,0.000,1.000,0.000
0.000,0.000,0.000,0.000,1.000,0.000
0.000,0.000,0.000,0.000,1.000,0.000
0.000,0.000,0.000,0.000,1.000,0.000
0.000,0.000,0.000,0.000,1.000,0.000
0.000,0.000,0.000,0.000,1.000,0.000
0.000,0.000,0.000,0.000,1.000,0.000
0.000,0.000,0.000,0.000,1.000,0.000
0.000,0.000,0.000,0.000,1.000,0.000
0.000,0.000,0.000,0.000,1.000,0.000
0.000,0.000,0.000,0.000,1.000,0.000
0.000,0.000,0.000,0.000,1.000,0.000
0.000,0.000,0.000,0.000,1.000,0.000
0.000,0.000,0.000,0.000,1.000,0.000
0.000,0.000,0.000,0.000,1.000,0.000
0.000,0.000,0.000,0.000,1.000,0.000
0.000,0.000,0.000,0.000,1.000,0.000
0.000,0.000,0.000,0.000,1.000,0.000
0.000,0.000,0.000,0.000,1.000,0.000
0.000,0.000,0.000,0.000,1.000,0.000
0.000,0.000,0.000,0.000,1.000,0.000
0.000,0.000,0.000,0.000,1.000,0.000
0.000,0.000,0.000,0.000,1.000,0.000
0.000,0.000,0.000,0.000,1.000,0.000
0.000,0.000,0.000,0.000,1.000,0.000
0.000,0.000,0.000,0.000,1.000,0.000
0.000,0.000,0.000,0.000,1.000,0.000
0.000,0.000,0.000,0.000,1.000,0.000
0.000,0.000,0.000,0.000,1.000,0.000
0.000,0.000,0.000,0.000,1.000,0.000
0.000,0.000,0.000,0.000,1.000,0.000
0.000,0.000,0.000,0.000,0.000,1.000
0.000,0.000,0.030,0.970,0.001,0.000
0.000,0.000,0.997,0.003,0.000,0.000
0.000,0.000,1.000,0.000,0.000,0.000
0.000,0.000,0.540,0.460,0.000,0.000
0.000,0.000,0.999,0.000,0.000,0.001
0.000,0.000,0.996,0.000,0.000,0.004
0.000,0.000,0.996,0.004,0.000,0.000
0.000,0.000,0.000,0.000,1.000,0.000
0.000,0.000,0.000,0.000,1.000,0.000
0.000,0.000,0.992,0.008,0.000,0.000
0.000,0.000,0.994,0.006,0.000,0.000
0.000,0.000,0.000,0.000,1.000,0.000
0.000,0.000,0.655,0.345,0.000,0.000
0.000,0.000,0.996,0.000,0.000,0.004
0.000,0.000,1.000,0.000,0.000,0.000
0.000,0.000,0.031,0.968,0.001,0.000
0.000,0.000,1.000,0.000,0.000,0.000
0.000,0.000,1.000,0.000,0.000,0.000
0.000,0.000,0.360,0.640,0.000,0.000
0.000,0.000,1.000,0.000,0.000,0.000
0.000,0.000,1.000,0.000,0.000,0.000
0.000,0.000,0.189,0.810,0.000,0.000
0.000,0.000,1.000,0.000,0.000,0.000
0.000,0.000,1.000,0.000,0.000,0.000
0.000,0.000,0.169,0.830,0.000,0.000
0.000,0.000,0.588,0.000,0.000,0.412
0.000,0.000,0.000,0.000,0.000,1.000
0.000,0.000,0.000,0.000,0.000,1.000
0.000,0.000,0.000,0.000,0.000,1.000
0.000,0.000,0.000,0.000,0.000,1.000
0.000,0.000,0.000,0.000,0.000,1.000
0.000,0.000,0.000,0.000,0.000,1.000
0.000,0.000,0.000,0.000,0.000,1.000
0.000,0.000,0.108,0.000,0.000,0.892
0.000,0.000,0.250,0.000,0.000,0.750
0.000,0.000,0.009,0.000,0.000,0.991
0.000,0.000,0.000,0.000,0.000,1.000
0.000,0.000,0.000,0.000,0.000,1.000
0.000,0.000,0.086,0.000,0.000,0.914
0.000,0.000,0.994,0.000,0.000,0.006
0.000,0.000,0.983,0.000,0.000,0.017
0.000,0.000,0.957,0.000,0.000,0.043
0.000,0.000,0.836,0.000,0.000,0.164
0.000,0.000,0.836,0.000,0.000,0.164
0.000,0.000,0.086,0.000,0.000,0.914
0.000,0.000,0.068,0.000,0.000,0.932
0.000,0.000,0.086,0.000,0.000,0.914
0.000,0.000,0.108,0.000,0.000,0.892
0.000,0.000,0.012,0.000,0.000,0.988
0.000,0.000,0.009,0.000,0.000,0.991
0.000,0.000,0.020,0.000,0.000,0.980
0.000,0.000,0.134,0.000,0.000,0.866
0.000,0.000,0.134,0.000,0.000,0.866
0.000,0.000,0.107,0.000,0.000,0.893
0.000,0.000,0.002,0.000,0.000,0.998
0.000,0.000,0.000,0.000,0.000,1.000
0.000,0.000,0.246,0.000,0.000,0.754
0.000,0.000,0.645,0.000,0.000,0.355
0.000,0.000,0.746,0.000,0.000,0.254
0.000,0.000,0.795,0.000,0.000,0.205
0.000,0.000,0.832,0.000,0.000,0.168
0.000,0.000,0.863,0.000,0.000,0.137
0.000,0.000,0.086,0.000,0.000,0.914
0.000,0.000,0.108,0.000,0.000,0.892
0.000,0.000,0.135,0.000,0.000,0.865
0.000,0.000,0.027,0.000,0.000,0.973
1.000,0.000,0.000,0.000,0.000,0.000
1.000,0.000,0.000,0.000,0.000,0.000
0.000,0.000,0.000,0.000,1.000,0.000
1.000,0.000,0.000,0.000,0.000,0.000
1.000,0.000,0.000,0.000,0.000,0.000
1.000,0.000,0.000,0.000,0.000,0.000
1.000,0.000,0.000,0.000,0.000,0.000
1.000,0.000,0.000,0.000,0.000,0.000
1.000,0.000,0.000,0.000,0.000,0.000
1.000,0.000,0.000,0.000,0.000,0.000
1.000,0.000,0.000,0.000,0.000,0.000
1.000,0.000,0.000,0.000,0.000,0.000
1.000,0.000,0.000,0.000,0.000,0.000
1.000,0.000,0.000,0.000,0.000,0.000
1.000,0.000,0.000,0.000,0.000,0.000
1.000,0.000,0.000,0.000,0.000,0.000
1.000,0.000,0.000,0.000,0.000,0.000
1.000,0.000,0.000,0.000,0.000,0.000
1.000,0.000,0.000,0.000,0.000,0.000
1.000,0.000,0.000,0.000,0.000,0.000
1.000,0.000,0.000,0.000,0.000,0.000
1.000,0.000,0.000,0.000,0.000,0.000
1.000,0.000,0.000,0.000,0.000,0.000
1.000,0.000,0.000,0.000,0.000,0.000
1.000,0.000,0.000,0.000,0.000,0.000
0.000,0.000,0.000,0.000,1.000,0.000
1.000,0.000,0.000,0.000,0.000,0.000
1.000,0.000,0.000,0.000,0.000,0.000
0.987,0.000,0.000,0.000,0.000,0.013
0.983,0.000,0.000,0.000,0.000,0.017
0.932,0.000,0.000,0.000,0.000,0.068
0.932,0.000,0.000,0.000,0.000,0.068
0.306,0.000,0.000,0.000,0.000,0.694
0.535,0.000,0.000,0.000,0.000,0.465
1.000,0.000,0.000,0.000,0.000,0.000
1.000,0.000,0.000,0.000,0.000,0.000
0.000,0.000,0.000,0.000,1.000,0.000
1.000,0.000,0.000,0.000,0.000,0.000
1.000,0.000,0.000,0.000,0.000,0.000
0.764,0.000,0.000,0.000,0.000,0.236
0.708,0.000,0.000,0.000,0.000,0.292
0.972,0.000,0.000,0.000,0.000,0.028
0.994,0.000,0.000,0.000,0.000,0.006
0.994,0.000,0.000,0.000,0.000,0.006
0.994,0.000,0.000,0.000,0.000,0.006
0.999,0.000,0.000,0.000,0.000,0.001
0.999,0.000,0.000,0.000,0.000,0.001
0.000,0.000,0.000,0.000,1.000,0.000
0.999,0.000,0.000,0.000,0.000,0.001
0.999,0.000,0.000,0.000,0.000,0.001
0.989,0.000,0.000,0.000,0.000,0.011
0.987,0.000,0.000,0.000,0.000,0.013
0.994,0.000,0.000,0.000,0.000,0.006
0.989,0.000,0.000,0.000,0.000,0.011
0.949,0.000,0.000,0.000,0.000,0.051
0.943,0.000,0.000,0.000,0.000,0.057
0.107,0.000,0.000,0.000,0.000,0.893
0.107,0.000,0.000,0.000,0.000,0.893
0.107,0.000,0.000,0.000,0.000,0.893
0.107,0.000,0.000,0.000,0.000,0.893
0.000,0.000,0.011,0.000,0.000,0.989
0.000,0.000,0.999,0.001,0.000,0.000
0.000,0.000,0.989,0.011,0.000,0.000
0.000,0.000,0.991,0.009,0.000,0.000
0.000,0.000,0.999,0.001,0.000,0.000
0.000,0.000,0.990,0.010,0.000,0.000
0.000,0.000,0.977,0.023,0.000,0.000
0.000,0.000,0.973,0.027,0.000,0.000
0.000,0.000,1.000,0.000,0.000,0.000
0.000,0.000,1.000,0.000,0.000,0.000
0.000,0.000,0.999,0.001,0.000,0.000
0.000,0.000,1.000,0.000,0.000,0.000
0.000,0.000,1.000,0.000,0.000,0.000
0.000,0.000,1.000,0.000,0.000,0.000
0.000,0.000,1.000,0.000,0.000,0.000
0.000,0.000,0.998,0.002,0.000,0.000
0.000,0.000,0.996,0.004,0.000,0.000
0.000,0.000,0.989,0.011,0.000,0.000
0.000,0.000,0.994,0.006,0.000,0.000
0.000,0.000,0.998,0.002,0.000,0.000
0.000,0.000,0.999,0.001,0.000,0.000
0.000,0.000,0.998,0.002,0.000,0.000
0.000,0.000,0.968,0.032,0.000,0.000
0.000,0.000,0.947,0.053,0.000,0.000
0.000,0.000,0.961,0.039,0.000,0.000
0.000,0.000,0.961,0.039,0.000,0.000
0.000,0.000,0.982,0.018,0.000,0.000
0.000,0.000,0.998,0.002,0.000,0.000
0.000,0.000,0.998,0.002,0.000,0.000
0.000,0.000,0.998,0.002,0.000,0.000
0.000,0.000,0.359,0.641,0.000,0.000
0.000,0.000,0.999,0.001,0.000,0.000
0.000,0.000,0.999,0.001,0.000,0.000
0.000,0.000,0.996,0.004,0.000,0.000
0.000,0.000,0.996,0.004,0.000,0.000
0.000,0.000,0.994,0.006,0.000,0.000
0.000,0.000,0.041,0.959,0.000,0.000
0.000,0.000,0.989,0.011,0.000,0.000
0.000,0.000,0.978,0.021,0.000,0.000
0.000,0.000,0.907,0.093,0.000,0.000
0.000,0.000,0.894,0.106,0.000,0.000
0.000,0.000,0.948,0.052,0.000,0.000
0.000,0.000,0.069,0.931,0.000,0.000
0.000,0.000,0.931,0.069,0.000,0.000
0.000,0.000,0.891,0.109,0.000,0.000
0.000,0.000,0.967,0.033,0.000,0.000
0.000,0.000,0.961,0.038,0.000,0.000
0.000,0.000,0.988,0.012,0.000,0.000
0.000,0.000,0.993,0.007,0.000,0.000
0.000,0.000,0.993,0.007,0.000,0.000
0.000,0.000,1.000,0.000,0.000,0.000
0.000,0.000,0.833,0.167,0.000,0.000
0.000,0.000,0.998,0.002,0.000,0.000
0.000,0.000,0.854,0.146,0.000,0.000
0.000,0.000,1.000,0.000,0.000,0.000
0.000,0.000,0.980,0.020,0.000,0.000
0.000,0.000,1.000,0.000,0.000,0.000
0.000,0.000,0.991,0.009,0.000,0.000
0.000,0.000,1.000,0.000,0.000,0.000
0.000,0.000,1.000,0.000,0.000,0.000
0.000,0.000,1.000,0.000,0.000,0.000
0.000,0.000,1.000,0.000,0.000,0.000
0.000,0.000,1.000,0.000,0.000,0.000
0.000,0.000,1.000,0.000,0.000,0.000
0.000,0.000,1.000,0.000,0.000,0.000
0.000,0.000,1.000,0.000,0.000,0.000
0.000,0.000,1.000,0.000,0.000,0.000
0.000,0.000,1.000,0.000,0.000,0.000
0.000,0.000,1.000,0.000,0.000,0.000
0.000,0.000,1.000,0.000,0.000,0.000
0.000,0.000,1.000,0.000,0.000,0.000
0.000,0.000,1.000,0.000,0.000,0.000
0.000,0.000,1.000,0.000,0.000,0.000
0.000,0.000,0.999,0.001,0.000,0.000
0.000,0.000,0.998,0.002,0.000,0.000
0.000,0.000,1.000,0.000,0.000,0.000
0.000,0.000,1.000,0.000,0.000,0.000
0.000,0.000,0.999,0.001,0.000,0.000
0.000,0.000,0.963,0.037,0.000,0.000
0.000,0.000,0.963,0.037,0.000,0.000
0.000,0.000,0.984,0.016,0.000,0.000
0.000,0.000,0.986,0.014,0.000,0.000
0.000,0.000,0.983,0.017,0.000,0.000
0.000,0.000,0.999,0.001,0.000,0.000
0.000,0.000,0.999,0.001,0.000,0.000
0.000,0.000,0.999,0.001,0.000,0.000
0.000,0.000,1.000,0.000,0.000,0.000
0.000,0.000,1.000,0.000,0.000,0.000
0.000,0.000,1.000,0.000,0.000,0.000
0.000,0.000,0.999,0.001,0.000,0.000
0.000,0.000,0.999,0.001,0.000,0.000
0.000,0.000,0.997,0.003,0.000,0.000
0.000,0.000,0.998,0.002,0.000,0.000
0.000,0.000,0.999,0.001,0.000,0.000
0.000,0.000,1.000,0.000,0.000,0.000
0.000,0.000,1.000,0.000,0.000,0.000
0.000,0.000,1.000,0.000,0.000,0.000
0.000,0.000,0.994,0.006,0.000,0.000
0.000,0.000,0.995,0.005,0.000,0.000
0.000,0.000,0.997,0.003,0.000,0.000
0.000,0.000,0.999,0.001,0.000,0.000
0.000,0.000,0.999,0.001,0.000,0.000
0.000,0.000,0.994,0.006,0.000,0.000
0.000,0.000,0.993,0.007,0.000,0.000
0.000,0.000,0.993,0.007,0.000,0.000
0.000,0.000,0.999,0.001,0.000,0.000
0.000,0.000,0.986,0.014,0.000,0.000
0.000,0.000,0.988,0.012,0.000,0.000
0.000,0.000,0.998,0.002,0.000,0.000
0.000,0.000,1.000,0.000,0.000,0.000
0.000,0.000,1.000,0.000,0.000,0.000
0.000,0.000,1.000,0.000,0.000,0.000
0.000,0.000,1.000,0.000,0.000,0.000
0.000,0.000,1.000,0.000,0.000,0.000
0.000,0.000,1.000,0.000,0.000,0.000
0.000,0.000,1.000,0.000,0.000,0.000
0.000,0.000,1.000,0.000,0.000,0.000
0.000,0.000,1.000,0.000,0.000,0.000
0.000,0.000,1.000,0.000,0.000,0.000
0.000,0.000,1.000,0.000,0.000,0.000
0.000,0.000,1.000,0.000,0.000,0.000
0.000,0.000,1.000,0.000,0.000,0.000
0.000,0.000,1.000,0.000,0.000,0.000
0.000,0.000,0.998,0.002,0.000,0.000
0.000,0.000,0.998,0.002,0.000,0.000
0.000,0.000,1.000,0.000,0.000,0.000
0.000,0.000,1.000,0.000,0.000,0.000
0.000,0.000,0.999,0.001,0.000,0.000
0.000,0.000,1.000,0.000,0.000,0.000
0.000,0.000,1.000,0.000,0.000,0.000
0.000,0.000,1.000,0.000,0.000,0.000
0.000,0.000,1.000,0.000,0.000,0.000
0.000,0.000,1.000,0.000,0.000,0.000
0.000,0.000,1.000,0.000,0.000,0.000
0.000,0.000,1.000,0.000,0.000,0.000
0.000,0.000,1.000,0.000,0.000,0.000
0.000,0.000,1.000,0.000,0.000,0.000
0.000,0.000,1.000,0.000,0.000,0.000
0.000,0.000,1.000,0.000,0.000,0.000
0.000,0.000,0.999,0.001,0.000,0.000
0.000,0.000,1.000,0.000,0.000,0.000
0.000,0.000,1.000,0.000,0.000,0.000
0.000,0.000,1.000,0.000,0.000,0.000
0.000,0.000,1.000,0.000,0.000,0.000
0.000,0.000,1.000,0.000,0.000,0.000
0.000,0.000,1.000,0.000,0.000,0.000
0.000,0.000,0.663,0.337,0.000,0.000
0.000,0.000,0.000,0.064,0.936,0.000
0.000,0.000,0.000,0.917,0.083,0.000
0.000,0.000,0.020,0.979,0.000,0.000
0.406,0.000,0.000,0.000,0.000,0.594
0.541,0.000,0.000,0.000,0.000,0.459
0.956,0.000,0.000,0.000,0.000,0.044
0.285,0.000,0.000,0.000,0.000,0.715
0.059,0.000,0.000,0.000,0.000,0.941
0.054,0.000,0.000,0.000,0.000,0.946
0.120,0.000,0.000,0.000,0.000,0.880
0.146,0.000,0.000,0.000,0.000,0.854
0.108,0.000,0.000,0.000,0.000,0.892
0.060,0.000,0.000,0.000,0.000,0.940
0.996,0.000,0.000,0.000,0.000,0.004
0.754,0.000,0.000,0.000,0.000,0.246
0.978,0.000,0.000,0.000,0.000,0.022
0.951,0.000,0.000,0.000,0.000,0.049
0.000,0.000,0.000,0.000,1.000,0.000
0.934,0.000,0.000,0.000,0.000,0.066
0.934,0.000,0.000,0.000,0.000,0.066
0.000,0.998,0.000,0.000,0.000,0.002
0.000,0.994,0.000,0.000,0.000,0.006
0.001,0.370,0.000,0.000,0.000,0.629
0.001,0.001,0.000,0.000,0.000,0.998
0.001,0.000,0.000,0.000,0.000,0.999
0.001,0.008,0.000,0.000,0.000,0.991
0.001,0.038,0.000,0.000,0.000,0.961
0.001,0.027,0.000,0.000,0.000,0.972
0.000,0.920,0.000,0.000,0.000,0.080
0.000,0.685,0.000,0.000,0.000,0.315
0.000,0.685,0.000,0.000,0.000,0.315
0.000,0.998,0.000,0.000,0.000,0.002
0.000,0.995,0.000,0.000,0.000,0.005
0.000,0.958,0.000,0.000,0.000,0.042
0.000,0.356,0.000,0.000,0.000,0.644
0.000,0.356,0.000,0.000,0.000,0.644
0.000,0.694,0.000,0.000,0.000,0.306
0.000,0.940,0.000,0.000,0.000,0.060
0.000,0.997,0.000,0.000,0.000,0.003
0.000,0.997,0.000,0.000,0.000,0.003
0.000,0.997,0.000,0.000,0.000,0.003
0.000,0.995,0.005,0.000,0.000,0.000
0.000,0.998,0.001,0.000,0.000,0.001
0.000,0.993,0.000,0.000,0.000,0.006
0.000,0.998,0.000,0.000,0.000,0.002
0.000,0.998,0.000,0.000,0.000,0.002
0.000,0.998,0.000,0.000,0.000,0.001
0.000,0.000,0.000,0.000,1.000,0.000
0.000,0.998,0.000,0.000,0.000,0.002
0.000,0.998,0.000,0.000,0.000,0.002
0.002,0.123,0.000,0.000,0.000,0.875
0.002,0.218,0.000,0.000,0.000,0.780
0.000,0.845,0.000,0.000,0.000,0.155
0.000,0.968,0.000,0.000,0.000,0.032
0.000,0.997,0.000,0.000,0.000,0.003
0.000,0.000,0.000,0.000,1.000,0.000
0.000,0.998,0.000,0.000,0.000,0.002
0.000,0.998,0.000,0.000,0.000,0.002
0.000,0.983,0.000,0.000,0.000,0.017
0.000,0.856,0.000,0.000,0.000,0.144
0.001,0.273,0.000,0.000,0.000,0.725
0.000,0.997,0.000,0.000,0.000,0.003
0.000,0.999,0.000,0.000,0.000,0.001
0.000,0.989,0.000,0.000,0.000,0.011
0.000,0.975,0.000,0.000,0.000,0.025
0.000,0.989,0.000,0.000,0.000,0.011
0.000,0.988,0.000,0.000,0.000,0.012
0.000,0.000,0.001,0.993,0.006,0.000
0.000,0.000,0.002,0.995,0.003,0.000
0.000,0.000,0.072,0.928,0.000,0.000
0.000,0.000,0.005,0.993,0.002,0.000
0.000,0.000,0.003,0.995,0.002,0.000
0.000,0.000,0.989,0.011,0.000,0.000
0.000,0.000,0.482,0.518,0.000,0.000
0.000,0.000,0.067,0.933,0.000,0.000
0.000,0.000,1.000,0.000,0.000,0.000
0.000,0.000,0.922,0.078,0.000,0.000
0.000,0.000,0.053,0.947,0.000,0.000
0.000,0.000,0.943,0.057,0.000,0.000
0.000,0.000,0.832,0.168,0.000,0.000
0.000,0.000,0.000,0.970,0.029,0.000
0.000,0.000,0.445,0.555,0.000,0.000
0.000,0.000,0.000,0.826,0.174,0.000
0.000,0.000,0.020,0.980,0.001,0.000
0.000,0.000,0.997,0.003,0.000,0.000
0.000,0.000,0.157,0.843,0.000,0.000
0.000,0.000,0.007,0.992,0.001,0.000
0.000,0.000,0.683,0.317,0.000,0.000
0.000,0.000,0.581,0.419,0.000,0.000
0.000,0.000,0.714,0.286,0.000,0.000
0.000,0.000,0.614,0.386,0.000,0.000
0.000,0.000,0.682,0.318,0.000,0.000
0.000,0.000,0.028,0.971,0.001,0.000
0.000,0.000,0.892,0.108,0.000,0.000
0.000,0.000,0.542,0.458,0.000,0.000
0.000,0.000,0.540,0.460,0.000,0.000
0.000,0.000,0.540,0.460,0.000,0.000
0.000,0.000,0.359,0.641,0.000,0.000
0.000,0.000,0.361,0.639,0.000,0.000
0.000,0.000,0.859,0.141,0.000,0.000
0.000,0.000,0.961,0.039,0.000,0.000
0.000,0.000,0.929,0.071,0.000,0.000
0.000,0.000,0.991,0.009,0.000,0.000
0.000,0.000,0.994,0.006,0.000,0.000
0.000,0.000,0.992,0.008,0.000,0.000
0.000,0.000,0.973,0.027,0.000,0.000
0.000,0.000,0.996,0.004,0.000,0.000
0.000,0.000,0.996,0.004,0.000,0.000
0.000,0.000,0.994,0.006,0.000,0.000
0.000,0.000,0.991,0.009,0.000,0.000
0.000,0.000,0.999,0.001,0.000,0.000
0.000,0.000,1.000,0.000,0.000,0.000
0.000,0.000,0.999,0.001,0.000,0.000
0.000,0.000,0.998,0.002,0.000,0.000
0.000,0.000,0.999,0.001,0.000,0.000
0.000,0.000,0.999,0.001,0.000,0.000
0.000,0.000,0.357,0.643,0.000,0.000
0.000,0.000,1.000,0.000,0.000,0.000
0.000,0.000,0.997,0.003,0.000,0.000
0.000,0.000,0.322,0.678,0.000,0.000
0.000,0.000,0.980,0.000,0.000,0.020
0.000,0.000,1.000,0.000,0.000,0.000
0.000,0.000,0.041,0.959,0.000,0.000
0.000,0.000,0.998,0.002,0.000,0.000
0.000,0.000,0.962,0.038,0.000,0.000
0.000,0.000,0.906,0.094,0.000,0.000
0.000,0.000,0.949,0.051,0.000,0.000
0.000,0.000,0.968,0.032,0.000,0.000
0.000,0.000,1.000,0.000,0.000,0.000
0.000,0.000,0.968,0.032,0.000,0.000
0.000,0.000,0.123,0.877,0.000,0.000
0.000,0.000,0.973,0.027,0.000,0.000
0.000,0.000,0.986,0.014,0.000,0.000
0.000,0.000,0.071,0.929,0.000,0.000
0.000,0.000,0.999,0.001,0.000,0.000
0.000,0.000,0.000,0.214,0.786,0.000
0.000,0.000,0.000,0.000,1.000,0.000
0.000,0.000,0.000,0.000,1.000,0.000
0.000,0.000,0.000,0.000,1.000,0.000
0.000,0.000,0.000,0.616,0.384,0.000
0.000,0.000,0.000,0.000,1.000,0.000
0.000,0.000,0.350,0.650,0.000,0.000
0.000,0.000,0.000,0.987,0.012,0.000
0.000,0.000,0.000,0.000,1.000,0.000
0.000,0.000,0.000,0.001,0.999,0.000
0.000,0.000,0.673,0.327,0.000,0.000
0.000,0.000,0.990,0.010,0.000,0.000
0.001,0.004,0.000,0.000,0.000,0.995
0.001,0.004,0.000,0.000,0.000,0.995
0.004,0.000,0.000,0.000,0.000,0.996
0.891,0.000,0.000,0.000,0.000,0.109
0.971,0.000,0.000,0.000,0.000,0.029
0.958,0.000,0.000,0.000,0.000,0.042
0.764,0.000,0.000,0.000,0.000,0.236
0.536,0.000,0.000,0.000,0.000,0.464
0.987,0.000,0.000,0.000,0.000,0.013
1.000,0.000,0.000,0.000,0.000,0.000
0.000,0.000,0.000,0.000,1.000,0.000
0.989,0.000,0.000,0.000,0.000,0.011
0.989,0.000,0.000,0.000,0.000,0.011
0.079,0.000,0.000,0.000,0.000,0.921
0.340,0.000,0.000,0.000,0.000,0.660
0.534,0.000,0.000,0.000,0.000,0.466
0.864,0.000,0.000,0.000,0.000,0.136
0.381,0.000,0.000,0.000,0.000,0.619
0.863,0.000,0.000,0.000,0.000,0.137
0.985,0.000,0.000,0.000,0.000,0.015
0.000,0.000,0.000,0.000,1.000,0.000
0.957,0.000,0.000,0.000,0.000,0.043
0.957,0.000,0.000,0.000,0.000,0.043
0.275,0.000,0.000,0.000,0.000,0.725
0.863,0.000,0.000,0.000,0.000,0.137
0.243,0.000,0.000,0.000,0.000,0.757
0.005,0.000,0.000,0.000,0.000,0.995
0.005,0.000,0.000,0.000,0.000,0.995
0.983,0.000,0.000,0.000,0.000,0.017
0.984,0.000,0.000,0.000,0.000,0.016
0.994,0.000,0.000,0.000,0.000,0.006
1.000,0.000,0.000,0.000,0.000,0.000
0.997,0.000,0.000,0.000,0.000,0.003
0.998,0.000,0.000,0.000,0.000,0.002
0.987,0.000,0.000,0.000,0.000,0.013
0.975,0.000,0.000,0.000,0.000,0.025
0.928,0.000,0.000,0.000,0.000,0.072
0.819,0.000,0.000,0.000,0.000,0.181
0.865,0.000,0.000,0.000,0.000,0.135
0.790,0.000,0.000,0.000,0.000,0.210
0.955,0.000,0.000,0.000,0.000,0.045
0.950,0.000,0.000,0.000,0.000,0.050
0.937,0.000,0.000,0.000,0.000,0.063
0.980,0.000,0.000,0.000,0.000,0.020
0.968,0.000,0.000,0.000,0.000,0.032
0.996,0.000,0.000,0.000,0.000,0.004
0.872,0.000,0.000,0.000,0.000,0.128
0.639,0.000,0.000,0.000,0.000,0.361
0.606,0.000,0.000,0.000,0.000,0.394
0.972,0.000,0.000,0.000,0.000,0.028
0.998,0.000,0.000,0.000,0.000,0.002
0.114,0.000,0.000,0.000,0.000,0.886
0.001,0.000,0.000,0.000,0.000,0.999
0.831,0.000,0.000,0.000,0.000,0.169
0.000,0.000,1.000,0.000,0.000,0.000
0.000,0.000,0.041,0.959,0.000,0.000
0.000,0.000,0.177,0.822,0.000,0.000
0.000,0.000,0.801,0.199,0.000,0.000
0.000,0.000,0.054,0.945,0.000,0.000
0.000,0.000,0.774,0.226,0.000,0.000
0.000,0.000,0.647,0.353,0.000,0.000
0.000,0.000,0.539,0.461,0.000,0.000
0.000,0.000,0.687,0.313,0.000,0.000
0.000,0.000,0.228,0.772,0.000,0.000
0.000,0.000,0.002,0.996,0.002,0.000
0.000,0.000,0.003,0.996,0.002,0.000
0.000,0.000,0.889,0.111,0.000,0.000
0.000,0.000,0.072,0.928,0.000,0.000
0.000,0.000,0.979,0.021,0.000,0.000
0.000,0.000,0.979,0.021,0.000,0.000
0.000,0.000,0.041,0.959,0.000,0.000
0.000,0.000,0.994,0.006,0.000,0.000
0.000,0.000,1.000,0.000,0.000,0.000
0.000,0.000,0.082,0.918,0.000,0.000
0.000,0.000,1.000,0.000,0.000,0.000
0.000,0.000,0.983,0.017,0.000,0.000
0.000,0.000,0.092,0.908,0.000,0.000
0.000,0.000,1.000,0.000,0.000,0.000
0.000,0.000,0.997,0.003,0.000,0.000
0.000,0.000,0.997,0.003,0.000,0.000
0.000,0.000,0.997,0.003,0.000,0.000
0.000,0.000,0.997,0.003,0.000,0.000
0.000,0.000,0.431,0.569,0.000,0.000
0.000,0.000,0.989,0.011,0.000,0.000
0.000,0.000,0.992,0.008,0.000,0.000
0.000,0.000,0.989,0.011,0.000,0.000
0.000,0.000,0.989,0.011,0.000,0.000
0.000,0.000,0.974,0.026,0.000,0.000
0.000,0.000,0.588,0.412,0.000,0.000
0.000,0.000,0.588,0.412,0.000,0.000
0.000,0.000,0.992,0.008,0.000,0.000
0.000,0.000,0.138,0.861,0.000,0.000
0.000,0.000,0.997,0.003,0.000,0.000
0.000,0.000,0.920,0.080,0.000,0.000
0.000,0.000,0.857,0.143,0.000,0.000
0.000,0.000,0.258,0.742,0.000,0.000
0.000,0.000,0.906,0.094,0.000,0.000
0.000,0.000,0.035,0.965,0.000,0.000
0.000,0.000,0.587,0.413,0.000,0.000
0.000,0.000,0.431,0.569,0.000,0.000
0.000,0.000,0.002,0.996,0.002,0.000
0.000,0.000,1.000,0.000,0.000,0.000
0.000,0.000,0.997,0.003,0.000,0.000
0.000,0.000,0.626,0.374,0.000,0.000
0.000,0.000,0.787,0.213,0.000,0.000
0.000,0.000,0.995,0.005,0.000,0.000
0.000,0.000,0.760,0.240,0.000,0.000
0.000,0.000,0.998,0.002,0.000,0.000
0.000,0.000,0.288,0.712,0.000,0.000
0.000,0.000,0.003,0.996,0.001,0.000
0.000,0.000,0.999,0.001,0.000,0.000
0.000,0.000,0.974,0.026,0.000,0.000
0.000,0.000,0.965,0.035,0.000,0.000
0.000,0.000,1.000,0.000,0.000,0.000
0.000,0.000,0.999,0.001,0.000,0.000
0.000,0.000,0.789,0.211,0.000,0.000
0.000,0.000,0.999,0.001,0.000,0.000
0.000,0.000,0.974,0.026,0.000,0.000
0.000,0.000,0.838,0.161,0.000,0.000
0.000,0.000,1.000,0.000,0.000,0.000
0.000,0.000,0.933,0.067,0.000,0.000
0.000,0.000,0.069,0.931,0.000,0.000
0.000,0.000,0.951,0.049,0.000,0.000
0.000,0.000,0.877,0.123,0.000,0.000
0.000,0.000,0.943,0.057,0.000,0.000
0.000,0.000,0.981,0.019,0.000,0.000
0.000,0.000,0.998,0.002,0.000,0.000
0.000,0.000,0.974,0.026,0.000,0.000
0.000,0.000,0.996,0.004,0.000,0.000
0.000,0.000,0.970,0.030,0.000,0.000
0.000,0.000,0.059,0.941,0.000,0.000
0.000,0.000,0.860,0.140,0.000,0.000
1.000,0.000,0.000,0.000,0.000,0.000
0.000,0.000,0.691,0.309,0.000,0.000
0.171,0.000,0.000,0.000,0.000,0.829
0.995,0.000,0.000,0.000,0.000,0.005
0.385,0.000,0.000,0.000,0.000,0.615
1.000,0.000,0.000,0.000,0.000,0.000
0.011,0.000,0.000,0.000,0.000,0.989
1.000,0.000,0.000,0.000,0.000,0.000
1.000,0.000,0.000,0.000,0.000,0.000
1.000,0.000,0.000,0.000,0.000,0.000
0.000,0.000,0.003,0.995,0.002,0.000
1.000,0.000,0.000,0.000,0.000,0.000
1.000,0.000,0.000,0.000,0.000,0.000
1.000,0.000,0.000,0.000,0.000,0.000
1.000,0.000,0.000,0.000,0.000,0.000
1.000,0.000,0.000,0.000,0.000,0.000
1.000,0.000,0.000,0.000,0.000,0.000
1.000,0.000,0.000,0.000,0.000,0.000
1.000,0.000,0.000,0.000,0.000,0.000
1.000,0.000,0.000,0.000,0.000,0.000
1.000,0.000,0.000,0.000,0.000,0.000
0.000,0.000,0.000,0.000,1.000,0.000
1.000,0.000,0.000,0.000,0.000,0.000
1.000,0.000,0.000,0.000,0.000,0.000
0.994,0.000,0.000,0.000,0.000,0.006
1.000,0.000,0.000,0.000,0.000,0.000
0.989,0.000,0.000,0.000,0.000,0.011
0.999,0.000,0.000,0.000,0.000,0.001
0.965,0.000,0.000,0.000,0.000,0.035
0.995,0.000,0.000,0.000,0.000,0.005
1.000,0.000,0.000,0.000,0.000,0.000
1.000,0.000,0.000,0.000,0.000,0.000
0.000,0.000,0.000,0.837,0.163,0.000
1.000,0.000,0.000,0.000,0.000,0.000
0.999,0.000,0.000,0.000,0.000,0.001
1.000,0.000,0.000,0.000,0.000,0.000
0.989,0.000,0.000,0.000,0.000,0.011
0.998,0.000,0.000,0.000,0.000,0.002
0.971,0.000,0.000,0.000,0.000,0.029
0.986,0.000,0.000,0.000,0.000,0.014
0.705,0.000,0.000,0.000,0.000,0.295
0.987,0.000,0.000,0.000,0.000,0.013
0.879,0.000,0.000,0.000,0.000,0.121
0.931,0.000,0.000,0.000,0.000,0.069
0.380,0.000,0.000,0.000,0.000,0.620
0.000,0.951,0.024,0.000,0.000,0.026
0.000,0.491,0.000,0.000,0.000,0.509
0.000,0.021,0.975,0.000,0.000,0.004
0.000,0.000,0.996,0.004,0.000,0.000
0.000,0.000,1.000,0.000,0.000,0.000
0.000,0.000,0.999,0.001,0.000,0.000
0.000,0.000,1.000,0.000,0.000,0.000
0.000,0.000,0.984,0.000,0.000,0.016
0.000,0.000,0.998,0.000,0.000,0.002
0.000,0.000,0.040,0.000,0.000,0.960
0.000,0.000,1.000,0.000,0.000,0.000
0.000,0.000,0.999,0.000,0.000,0.001
0.000,0.000,0.023,0.000,0.000,0.977
0.000,0.000,1.000,0.000,0.000,0.000
0.000,0.000,0.962,0.000,0.000,0.038
0.000,0.000,1.000,0.000,0.000,0.000
0.000,0.000,1.000,0.000,0.000,0.000
0.000,0.000,0.959,0.000,0.000,0.041
0.000,0.000,0.998,0.000,0.000,0.002
0.000,0.000,0.998,0.000,0.000,0.002
0.000,0.000,0.998,0.000,0.000,0.002
0.000,0.000,1.000,0.000,0.000,0.000
0.000,0.000,0.998,0.000,0.000,0.002
0.000,0.000,0.998,0.000,0.000,0.002
0.000,0.000,0.779,0.000,0.000,0.221
0.000,0.000,0.995,0.000,0.000,0.005
0.000,0.000,0.993,0.000,0.000,0.007
0.000,0.000,1.000,0.000,0.000,0.000
0.000,0.000,0.003,0.996,0.001,0.000
0.000,0.000,1.000,0.000,0.000,0.000
0.000,0.000,0.942,0.058,0.000,0.000
0.000,0.000,0.933,0.067,0.000,0.000
0.000,0.000,1.000,0.000,0.000,0.000
0.000,0.000,0.663,0.337,0.000,0.000
0.000,0.000,0.996,0.004,0.000,0.000
0.000,0.000,0.431,0.569,0.000,0.000
0.000,0.000,0.470,0.530,0.000,0.000
0.000,0.000,0.996,0.004,0.000,0.000
0.000,0.000,0.004,0.995,0.001,0.000
0.000,0.000,1.000,0.000,0.000,0.000
0.000,0.000,0.978,0.022,0.000,0.000
0.000,0.000,1.000,0.000,0.000,0.000
0.000,0.000,0.815,0.185,0.000,0.000
0.000,0.000,1.000,0.000,0.000,0.000
0.000,0.000,0.894,0.106,0.000,0.000
0.000,0.000,1.000,0.000,0.000,0.000
0.000,0.000,0.814,0.186,0.000,0.000
0.000,0.000,1.000,0.000,0.000,0.000
0.000,0.000,0.549,0.451,0.000,0.000
0.000,0.000,1.000,0.000,0.000,0.000
0.000,0.000,0.001,0.996,0.003,0.000
0.000,0.000,1.000,0.000,0.000,0.000
0.000,0.000,0.942,0.058,0.000,0.000
0.944,0.000,0.000,0.000,0.000,0.056
0.000,0.006,0.692,0.000,0.000,0.302
0.996,0.000,0.000,0.000,0.000,0.004
0.156,0.000,0.000,0.000,0.000,0.844
0.997,0.000,0.000,0.000,0.000,0.003
0.893,0.000,0.000,0.000,0.000,0.107
0.999,0.000,0.000,0.000,0.000,0.001
0.994,0.000,0.000,0.000,0.000,0.006
0.999,0.000,0.000,0.000,0.000,0.001
0.709,0.000,0.000,0.000,0.000,0.291
1.000,0.000,0.000,0.000,0.000,0.000
0.992,0.000,0.000,0.000,0.000,0.008
0.001,0.245,0.000,0.000,0.000,0.754
1.000,0.000,0.000,0.000,0.000,0.000
1.000,0.000,0.000,0.000,0.000,0.000
1.000,0.000,0.000,0.000,0.000,0.000
1.000,0.000,0.000,0.000,0.000,0.000
1.000,0.000,0.000,0.000,0.000,0.000
1.000,0.000,0.000,0.000,0.000,0.000
1.000,0.000,0.000,0.000,0.000,0.000
1.000,0.000,0.000,0.000,0.000,0.000
1.000,0.000,0.000,0.000,0.000,0.000
1.000,0.000,0.000,0.000,0.000,0.000
1.000,0.000,0.000,0.000,0.000,0.000
1.000,0.000,0.000,0.000,0.000,0.000
1.000,0.000,0.000,0.000,0.000,0.000
1.000,0.000,0.000,0.000,0.000,0.000
1.000,0.000,0.000,0.000,0.000,0.000
1.000,0.000,0.000,0.000,0.000,0.000
1.000,0.000,0.000,0.000,0.000,0.000
0.000,0.000,0.000,0.000,1.000,0.000
1.000,0.000,0.000,0.000,0.000,0.000
1.000,0.000,0.000,0.000,0.000,0.000
1.000,0.000,0.000,0.000,0.000,0.000
0.000,0.000,0.000,0.000,0.000,1.000
0.000,0.000,0.035,0.000,0.000,0.965
0.000,0.000,0.116,0.883,0.000,0.000
0.000,0.000,0.998,0.000,0.000,0.002
0.000,0.000,0.968,0.000,0.000,0.032
0.000,0.000,0.710,0.290,0.000,0.000
0.000,0.000,1.000,0.000,0.000,0.000
0.000,0.000,0.999,0.001,0.000,0.000
0.000,0.000,0.994,0.006,0.000,0.000
0.000,0.000,0.991,0.009,0.000,0.000
0.000,0.000,0.995,0.005,0.000,0.000
0.000,0.000,0.168,0.832,0.000,0.000
0.000,0.000,0.994,0.006,0.000,0.000
0.000,0.000,0.994,0.006,0.000,0.000
0.000,0.000,0.133,0.867,0.000,0.000
0.000,0.000,0.999,0.001,0.000,0.000
0.000,0.000,1.000,0.000,0.000,0.000
0.000,0.000,0.857,0.143,0.000,0.000
0.000,0.000,1.000,0.000,0.000,0.000
0.000,0.000,0.999,0.000,0.000,0.001
0.000,0.000,0.875,0.125,0.000,0.000
0.000,0.000,1.000,0.000,0.000,0.000
0.000,0.000,1.000,0.000,0.000,0.000
0.000,0.000,0.890,0.110,0.000,0.000
0.000,0.000,0.890,0.110,0.000,0.000
0.000,0.000,1.000,0.000,0.000,0.000
0.000,0.000,0.539,0.461,0.000,0.000
0.000,0.000,1.000,0.000,0.000,0.000
0.000,0.000,1.000,0.000,0.000,0.000
0.000,0.000,0.146,0.854,0.000,0.000
0.000,0.000,1.000,0.000,0.000,0.000
0.000,0.000,0.992,0.008,0.000,0.000
0.000,0.000,0.285,0.715,0.000,0.000
0.000,0.000,1.000,0.000,0.000,0.000
0.000,0.000,1.000,0.000,0.000,0.000
0.000,0.000,0.208,0.792,0.000,0.000
0.000,0.000,1.000,0.000,0.000,0.000
0.000,0.000,1.000,0.000,0.000,0.000
0.000,0.000,0.630,0.370,0.000,0.000
0.000,0.000,1.000,0.000,0.000,0.000
0.000,0.000,1.000,0.000,0.000,0.000
0.000,0.000,0.558,0.442,0.000,0.000
0.000,0.000,0.992,0.008,0.000,0.000
0.000,0.000,0.996,0.004,0.000,0.000
0.000,0.000,0.100,0.900,0.000,0.000
0.000,0.000,0.857,0.143,0.000,0.000
0.000,0.000,0.816,0.184,0.000,0.000
0.000,0.000,0.999,0.001,0.000,0.000
0.000,0.000,0.993,0.007,0.000,0.000
0.000,0.000,0.818,0.000,0.000,0.182
0.000,0.000,0.000,0.000,0.000,1.000
0.000,0.566,0.000,0.000,0.000,0.434
0.003,0.035,0.000,0.000,0.000,0.962
0.004,0.071,0.000,0.000,0.000,0.925
0.003,0.001,0.000,0.000,0.000,0.996
0.001,0.712,0.000,0.000,0.000,0.287
0.001,0.708,0.000,0.000,0.000,0.291
0.003,0.447,0.000,0.000,0.000,0.550
0.001,0.801,0.000,0.000,0.000,0.198
0.001,0.895,0.000,0.000,0.000,0.105
0.002,0.726,0.000,0.000,0.000,0.272
0.001,0.898,0.000,0.000,0.000,0.101
0.003,0.000,0.000,0.000,0.000,0.997
0.006,0.000,0.000,0.000,0.000,0.994
0.006,0.000,0.000,0.000,0.000,0.994
0.008,0.000,0.000,0.000,0.000,0.992
0.004,0.000,0.000,0.000,0.000,0.996
0.007,0.000,0.000,0.000,0.000,0.993
0.005,0.029,0.000,0.000,0.000,0.966
0.005,0.011,0.000,0.000,0.000,0.984
0.005,0.021,0.000,0.000,0.000,0.974
0.005,0.052,0.000,0.000,0.000,0.943
0.006,0.068,0.000,0.000,0.000,0.927
0.005,0.071,0.000,0.000,0.000,0.924
0.003,0.001,0.000,0.000,0.000,0.997
0.001,0.761,0.000,0.000,0.000,0.237
0.003,0.316,0.000,0.000,0.000,0.681
0.004,0.257,0.000,0.000,0.000,0.739
0.005,0.000,0.000,0.000,0.000,0.995
0.003,0.382,0.000,0.000,0.000,0.615
0.004,0.094,0.000,0.000,0.000,0.903
0.005,0.095,0.000,0.000,0.000,0.901
0.003,0.377,0.000,0.000,0.000,0.619
0.004,0.054,0.000,0.000,0.000,0.942
0.004,0.096,0.000,0.000,0.000,0.900
0.004,0.040,0.000,0.000,0.000,0.956
0.003,0.000,0.000,0.000,0.000,0.997
0.002,0.206,0.000,0.000,0.000,0.793
0.001,0.026,0.000,0.000,0.000,0.974
0.000,0.563,0.000,0.000,0.000,0.436
0.000,0.044,0.000,0.000,0.000,0.956
0.000,0.375,0.000,0.000,0.000,0.625
0.000,0.022,0.000,0.000,0.000,0.978
0.000,0.003,0.000,0.000,0.000,0.996
0.000,0.087,0.000,0.000,0.000,0.913
0.000,0.093,0.000,0.000,0.000,0.907
0.000,0.082,0.000,0.000,0.000,0.917
0.000,0.023,0.000,0.000,0.000,0.976
0.001,0.000,0.000,0.000,0.000,0.999
0.001,0.000,0.000,0.000,0.000,0.999
0.006,0.000,0.000,0.000,0.000,0.994
0.004,0.000,0.000,0.000,0.000,0.996
0.004,0.000,0.000,0.000,0.000,0.996
0.001,0.000,0.000,0.000,0.000,0.999
0.000,0.001,0.000,0.000,0.000,0.999
0.000,0.002,0.000,0.000,0.000,0.998
0.002,0.000,0.000,0.000,0.000,0.998
0.031,0.000,0.000,0.000,0.000,0.969
0.094,0.000,0.000,0.000,0.000,0.906
0.059,0.000,0.000,0.000,0.000,0.941
0.109,0.000,0.000,0.000,0.000,0.891
0.068,0.000,0.000,0.000,0.000,0.932
0.000,0.004,0.000,0.000,0.000,0.996
0.000,0.001,0.000,0.000,0.000,0.998
0.013,0.000,0.000,0.000,0.000,0.987
0.001,0.000,0.000,0.000,0.000,0.999
0.001,0.000,0.000,0.000,0.000,0.999
0.001,0.000,0.000,0.000,0.000,0.999
0.001,0.000,0.000,0.000,0.000,0.999
0.001,0.000,0.000,0.000,0.000,0.999
0.001,0.000,0.000,0.000,0.000,0.999
0.001,0.000,0.000,0.000,0.000,0.999
0.010,0.000,0.000,0.000,0.000,0.990
0.001,0.000,0.000,0.000,0.000,0.999
0.001,0.000,0.000,0.000,0.000,0.999
0.001,0.000,0.000,0.000,0.000,0.999
0.001,0.000,0.000,0.000,0.000,0.999
0.001,0.000,0.000,0.000,0.000,0.999
0.001,0.000,0.000,0.000,0.000,0.999
0.001,0.000,0.000,0.000,0.000,0.999
0.001,0.000,0.000,0.000,0.000,0.999
0.002,0.000,0.000,0.000,0.000,0.998
0.001,0.000,0.000,0.000,0.000,0.999
0.001,0.000,0.000,0.000,0.000,0.999
0.004,0.000,0.000,0.000,0.000,0.996
0.001,0.000,0.000,0.000,0.000,0.999
0.001,0.000,0.000,0.000,0.000,0.999
0.001,0.000,0.000,0.000,0.000,0.999
0.002,0.000,0.000,0.000,0.000,0.998
0.001,0.000,0.000,0.000,0.000,0.999
0.001,0.000,0.000,0.000,0.000,0.999
0.001,0.000,0.000,0.000,0.000,0.999
0.001,0.001,0.000,0.000,0.000,0.999
0.001,0.000,0.000,0.000,0.000,0.999
0.001,0.000,0.000,0.000,0.000,0.999
0.001,0.000,0.000,0.000,0.000,0.999
0.001,0.000,0.000,0.000,0.000,0.999
0.001,0.000,0.000,0.000,0.000,0.999
0.001,0.000,0.000,0.000,0.000,0.999
0.001,0.000,0.000,0.000,0.000,0.999
0.001,0.000,0.000,0.000,0.000,0.999
0.001,0.000,0.000,0.000,0.000,0.999
0.001,0.000,0.000,0.000,0.000,0.999
0.001,0.000,0.000,0.000,0.000,0.999
0.001,0.000,0.000,0.000,0.000,0.999
0.001,0.000,0.000,0.000,0.000,0.999
0.000,0.004,0.000,0.000,0.000,0.996
0.000,0.008,0.000,0.000,0.000,0.992
0.001,0.000,0.000,0.000,0.000,0.999
0.001,0.001,0.000,0.000,0.000,0.998
0.001,0.002,0.000,0.000,0.000,0.997
0.000,0.014,0.000,0.000,0.000,0.986
0.001,0.001,0.000,0.000,0.000,0.999
0.001,0.001,0.000,0.000,0.000,0.999
0.001,0.001,0.000,0.000,0.000,0.999
0.000,0.021,0.000,0.000,0.000,0.978
0.000,0.013,0.000,0.000,0.000,0.986
0.000,0.025,0.000,0.000,0.000,0.974
0.000,0.004,0.000,0.000,0.000,0.995
0.000,0.004,0.000,0.000,0.000,0.995
0.000,0.005,0.000,0.000,0.000,0.995
0.000,0.005,0.000,0.000,0.000,0.995
0.128,0.000,0.000,0.000,0.000,0.872
0.740,0.000,0.000,0.000,0.000,0.260
1.000,0.000,0.000,0.000,0.000,0.000
1.000,0.000,0.000,0.000,0.000,0.000
1.000,0.000,0.000,0.000,0.000,0.000
1.000,0.000,0.000,0.000,0.000,0.000
1.000,0.000,0.000,0.000,0.000,0.000
1.000,0.000,0.000,0.000,0.000,0.000
1.000,0.000,0.000,0.000,0.000,0.000
1.000,0.000,0.000,0.000,0.000,0.000
1.000,0.000,0.000,0.000,0.000,0.000
1.000,0.000,0.000,0.000,0.000,0.000
1.000,0.000,0.000,0.000,0.000,0.000
1.000,0.000,0.000,0.000,0.000,0.000
1.000,0.000,0.000,0.000,0.000,0.000
1.000,0.000,0.000,0.000,0.000,0.000
1.000,0.000,0.000,0.000,0.000,0.000
1.000,0.000,0.000,0.000,0.000,0.000
1.000,0.000,0.000,0.000,0.000,0.000
1.000,0.000,0.000,0.000,0.000,0.000
1.000,0.000,0.000,0.000,0.000,0.000
1.000,0.000,0.000,0.000,0.000,0.000
1.000,0.000,0.000,0.000,0.000,0.000
1.000,0.000,0.000,0.000,0.000,0.000
1.000,0.000,0.000,0.000,0.000,0.000
1.000,0.000,0.000,0.000,0.000,0.000
1.000,0.000,0.000,0.000,0.000,0.000
1.000,0.000,0.000,0.000,0.000,0.000
1.000,0.000,0.000,0.000,0.000,0.000
1.000,0.000,0.000,0.000,0.000,0.000
1.000,0.000,0.000,0.000,0.000,0.000
1.000,0.000,0.000,0.000,0.000,0.000
1.000,0.000,0.000,0.000,0.000,0.000
1.000,0.000,0.000,0.000,0.000,0.000
0.999,0.000,0.000,0.000,0.000,0.001
0.987,0.000,0.000,0.000,0.000,0.013
0.047,0.000,0.000,0.000,0.000,0.953
0.043,0.000,0.000,0.000,0.000,0.957
0.036,0.000,0.000,0.000,0.000,0.964
0.080,0.000,0.000,0.000,0.000,0.920
0.032,0.000,0.000,0.000,0.000,0.968
0.032,0.000,0.000,0.000,0.000,0.968
0.012,0.000,0.000,0.000,0.000,0.988
0.019,0.000,0.000,0.000,0.000,0.981
0.011,0.000,0.000,0.000,0.000,0.989
0.008,0.000,0.000,0.000,0.000,0.992
0.170,0.000,0.000,0.000,0.000,0.830
0.013,0.000,0.000,0.000,0.000,0.987
0.019,0.000,0.000,0.000,0.000,0.981
0.012,0.000,0.000,0.000,0.000,0.988
0.090,0.000,0.000,0.000,0.000,0.910
0.008,0.000,0.000,0.000,0.000,0.992
0.003,0.000,0.000,0.000,0.000,0.997
0.003,0.000,0.000,0.000,0.000,0.997
0.002,0.000,0.000,0.000,0.000,0.998
0.003,0.000,0.000,0.000,0.000,0.997
0.001,0.000,0.000,0.000,0.000,0.999
0.003,0.000,0.000,0.000,0.000,0.997
0.010,0.000,0.000,0.000,0.000,0.990
0.009,0.000,0.000,0.000,0.000,0.991
0.007,0.000,0.000,0.000,0.000,0.993
0.004,0.000,0.000,0.000,0.000,0.996
0.016,0.000,0.000,0.000,0.000,0.984
0.002,0.000,0.000,0.000,0.000,0.998
0.306,0.000,0.000,0.000,0.000,0.694
0.847,0.000,0.000,0.000,0.000,0.153
1.000,0.000,0.000,0.000,0.000,0.000
1.000,0.000,0.000,0.000,0.000,0.000
1.000,0.000,0.000,0.000,0.000,0.000
1.000,0.000,0.000,0.000,0.000,0.000
1.000,0.000,0.000,0.000,0.000,0.000
1.000,0.000,0.000,0.000,0.000,0.000
1.000,0.000,0.000,0.000,0.000,0.000
1.000,0.000,0.000,0.000,0.000,0.000
1.000,0.000,0.000,0.000,0.000,0.000
1.000,0.000,0.000,0.000,0.000,0.000
1.000,0.000,0.000,0.000,0.000,0.000
1.000,0.000,0.000,0.000,0.000,0.000
1.000,0.000,0.000,0.000,0.000,0.000
1.000,0.000,0.000,0.000,0.000,0.000
1.000,0.000,0.000,0.000,0.000,0.000
1.000,0.000,0.000,0.000,0.000,0.000
1.000,0.000,0.000,0.000,0.000,0.000
1.000,0.000,0.000,0.000,0.000,0.000
1.000,0.000,0.000,0.000,0.000,0.000
1.000,0.000,0.000,0.000,0.000,0.000
1.000,0.000,0.000,0.000,0.000,0.000
1.000,0.000,0.000,0.000,0.000,0.000
1.000,0.000,0.000,0.000,0.000,0.000
1.000,0.000,0.000,0.000,0.000,0.000
1.000,0.000,0.000,0.000,0.000,0.000
1.000,0.000,0.000,0.000,0.000,0.000
1.000,0.000,0.000,0.000,0.000,0.000
1.000,0.000,0.000,0.000,0.000,0.000
1.000,0.000,0.000,0.000,0.000,0.000
1.000,0.000,0.000,0.000,0.000,0.000
1.000,0.000,0.000,0.000,0.000,0.000
1.000,0.000,0.000,0.000,0.000,0.000
1.000,0.000,0.000,0.000,0.000,0.000
1.000,0.000,0.000,0.000,0.000,0.000
1.000,0.000,0.000,0.000,0.000,0.000
1.000,0.000,0.000,0.000,0.000,0.000
1.000,0.000,0.000,0.000,0.000,0.000
1.000,0.000,0.000,0.000,0.000,0.000
1.000,0.000,0.000,0.000,0.000,0.000
1.000,0.000,0.000,0.000,0.000,0.000
1.000,0.000,0.000,0.000,0.000,0.000
1.000,0.000,0.000,0.000,0.000,0.000
1.000,0.000,0.000,0.000,0.000,0.000
1.000,0.000,0.000,0.000,0.000,0.000
1.000,0.000,0.000,0.000,0.000,0.000
1.000,0.000,0.000,0.000,0.000,0.000
1.000,0.000,0.000,0.000,0.000,0.000
1.000,0.000,0.000,0.000,0.000,0.000
1.000,0.000,0.000,0.000,0.000,0.000
0.000,0.000,0.000,0.000,1.000,0.000
0.000,0.000,0.000,0.000,1.000,0.000
0.000,0.000,0.000,0.000,1.000,0.000
0.000,0.000,0.000,0.004,0.996,0.000
0.000,0.000,0.000,0.925,0.075,0.000
0.000,0.000,0.006,0.993,0.001,0.000
0.000,0.000,0.003,0.995,0.001,0.000
0.000,0.000,0.000,0.976,0.024,0.000
0.000,0.000,0.028,0.971,0.000,0.000
0.000,0.000,0.000,0.966,0.034,0.000
0.000,0.000,0.018,0.981,0.001,0.000
0.000,0.000,0.001,0.992,0.008,0.000
0.000,0.000,0.092,0.908,0.000,0.000
0.000,0.000,0.008,0.991,0.001,0.000
0.000,0.000,0.038,0.961,0.000,0.000
0.000,0.000,0.012,0.988,0.001,0.000
0.000,0.000,0.006,0.993,0.001,0.000
0.000,0.000,0.007,0.992,0.001,0.000
0.000,0.000,0.012,0.988,0.001,0.000
0.000,0.000,0.039,0.961,0.000,0.000
0.000,0.000,0.001,0.995,0.005,0.000
0.000,0.000,0.838,0.162,0.000,0.000
0.000,0.000,0.837,0.163,0.000,0.000
0.000,0.000,0.024,0.976,0.000,0.000
0.000,0.000,0.931,0.069,0.000,0.000
0.000,0.000,0.875,0.125,0.000,0.000
0.000,0.000,0.708,0.292,0.000,0.000
0.000,0.000,0.529,0.471,0.000,0.000
0.000,0.000,0.530,0.470,0.000,0.000
0.000,0.000,0.181,0.819,0.000,0.000
0.000,0.000,0.964,0.036,0.000,0.000
0.000,0.000,0.910,0.090,0.000,0.000
0.000,0.000,0.020,0.979,0.000,0.000
0.000,0.000,0.956,0.044,0.000,0.000
0.000,0.000,0.950,0.050,0.000,0.000
0.000,0.000,0.005,0.994,0.001,0.000
0.000,0.000,0.923,0.077,0.000,0.000
0.000,0.000,0.997,0.003,0.000,0.000
0.000,0.000,0.924,0.076,0.000,0.000
0.000,0.000,0.682,0.318,0.000,0.000
0.000,0.000,0.609,0.391,0.000,0.000
0.000,0.000,0.002,0.996,0.002,0.000
0.000,0.000,0.772,0.228,0.000,0.000
0.000,0.000,0.773,0.227,0.000,0.000
0.000,0.000,0.006,0.994,0.001,0.000
0.000,0.000,0.006,0.994,0.001,0.000
0.000,0.000,0.809,0.191,0.000,0.000
0.000,0.000,0.787,0.213,0.000,0.000
0.000,0.000,0.760,0.240,0.000,0.000
0.000,0.000,0.016,0.983,0.000,0.000
0.000,0.000,0.958,0.042,0.000,0.000
0.000,0.000,0.974,0.026,0.000,0.000
0.000,0.000,0.978,0.022,0.000,0.000
0.000,0.000,0.008,0.991,0.001,0.000
0.000,0.000,0.697,0.303,0.000,0.000
0.000,0.000,0.761,0.239,0.000,0.000
0.000,0.000,0.991,0.009,0.000,0.000
0.000,0.000,0.695,0.305,0.000,0.000
0.000,0.000,0.981,0.019,0.000,0.000
0.000,0.000,0.314,0.686,0.000,0.000
0.000,0.000,0.921,0.079,0.000,0.000
0.000,0.000,0.964,0.036,0.000,0.000
0.000,0.000,0.970,0.030,0.000,0.000
0.000,0.000,0.964,0.036,0.000,0.000
0.000,0.000,0.964,0.036,0.000,0.000
0.000,0.000,0.431,0.568,0.000,0.000
0.000,0.000,0.626,0.374,0.000,0.000
0.000,0.000,0.815,0.185,0.000,0.000
0.000,0.000,0.465,0.535,0.000,0.000
0.000,0.000,0.426,0.574,0.000,0.000
0.000,0.000,0.921,0.079,0.000,0.000
0.000,0.000,0.470,0.530,0.000,0.000
0.000,0.000,0.510,0.490,0.000,0.000
0.000,0.000,0.730,0.270,0.000,0.000
0.000,0.000,0.942,0.058,0.000,0.000
0.000,0.000,0.922,0.078,0.000,0.000
0.000,0.000,0.951,0.049,0.000,0.000
0.000,0.000,0.921,0.079,0.000,0.000
0.000,0.000,0.932,0.068,0.000,0.000
0.000,0.000,0.894,0.106,0.000,0.000
0.000,0.000,0.878,0.122,0.000,0.000
0.000,0.000,0.043,0.956,0.000,0.000
0.000,0.000,0.838,0.162,0.000,0.000
0.000,0.000,0.426,0.574,0.000,0.000
0.000,0.000,0.958,0.042,0.000,0.000
0.000,0.000,0.838,0.162,0.000,0.000
0.000,0.000,0.583,0.417,0.000,0.000
0.000,0.000,0.958,0.042,0.000,0.000
0.000,0.000,0.950,0.050,0.000,0.000
0.000,0.000,0.877,0.123,0.000,0.000
0.000,0.000,0.859,0.141,0.000,0.000
0.000,0.000,0.909,0.091,0.000,0.000
0.000,0.000,0.878,0.122,0.000,0.000
0.000,0.000,0.878,0.122,0.000,0.000
0.000,0.000,0.510,0.490,0.000,0.000
0.000,0.000,0.788,0.212,0.000,0.000
0.000,0.000,0.878,0.122,0.000,0.000
0.000,0.000,0.431,0.569,0.000,0.000
0.000,0.000,0.258,0.742,0.000,0.000
0.000,0.000,0.258,0.742,0.000,0.000
0.000,0.000,0.431,0.569,0.000,0.000
0.000,0.000,0.470,0.530,0.000,0.000
0.000,0.000,0.549,0.451,0.000,0.000
0.000,0.000,0.625,0.375,0.000,0.000
0.000,0.000,0.969,0.031,0.000,0.000
0.000,0.000,0.981,0.019,0.000,0.000
0.000,0.000,0.974,0.026,0.000,0.000
0.000,0.000,0.994,0.006,0.000,0.000
0.000,0.000,0.922,0.078,0.000,0.000
0.000,0.000,0.909,0.091,0.000,0.000
0.000,0.000,0.964,0.036,0.000,0.000
0.000,0.000,0.958,0.042,0.000,0.000
0.000,0.000,0.509,0.491,0.000,0.000
0.000,0.000,1.000,0.000,0.000,0.000
0.000,0.114,0.059,0.000,0.000,0.827
0.002,0.000,0.000,0.000,0.000,0.998
0.001,0.002,0.000,0.000,0.000,0.997
0.990,0.000,0.000,0.000,0.000,0.010
0.967,0.000,0.000,0.000,0.000,0.033
0.985,0.000,0.000,0.000,0.000,0.015
0.987,0.000,0.000,0.000,0.000,0.013
0.987,0.000,0.000,0.000,0.000,0.013
0.987,0.000,0.000,0.000,0.000,0.013
0.975,0.000,0.000,0.000,0.000,0.025
0.996,0.000,0.000,0.000,0.000,0.004
0.992,0.000,0.000,0.000,0.000,0.008
0.977,0.000,0.000,0.000,0.000,0.023
0.999,0.000,0.000,0.000,0.000,0.001
0.997,0.000,0.000,0.000,0.000,0.003
0.999,0.000,0.000,0.000,0.000,0.001
0.997,0.000,0.000,0.000,0.000,0.003
0.996,0.000,0.000,0.000,0.000,0.004
0.999,0.000,0.000,0.000,0.000,0.001
0.987,0.000,0.000,0.000,0.000,0.013
0.979,0.000,0.000,0.000,0.000,0.021
0.991,0.000,0.000,0.000,0.000,0.009
0.994,0.000,0.000,0.000,0.000,0.006
0.999,0.000,0.000,0.000,0.000,0.001
0.983,0.000,0.000,0.000,0.000,0.017
0.991,0.000,0.000,0.000,0.000,0.009
0.991,0.000,0.000,0.000,0.000,0.009
0.993,0.000,0.000,0.000,0.000,0.007
0.998,0.000,0.000,0.000,0.000,0.002
0.994,0.000,0.000,0.000,0.000,0.006
0.995,0.000,0.000,0.000,0.000,0.005
0.987,0.000,0.000,0.000,0.000,0.013
0.996,0.000,0.000,0.000,0.000,0.004
0.996,0.000,0.000,0.000,0.000,0.004
0.999,0.000,0.000,0.000,0.000,0.001
0.996,0.000,0.000,0.000,0.000,0.004
0.996,0.000,0.000,0.000,0.000,0.004
0.997,0.000,0.000,0.000,0.000,0.003
1.000,0.000,0.000,0.000,0.000,0.000
0.999,0.000,0.000,0.000,0.000,0.001
0.999,0.000,0.000,0.000,0.000,0.001
0.982,0.000,0.000,0.000,0.000,0.018
0.983,0.000,0.000,0.000,0.000,0.017
0.975,0.000,0.000,0.000,0.000,0.025
0.001,0.002,0.000,0.000,0.000,0.998
0.000,0.055,0.000,0.000,0.000,0.945
0.001,0.002,0.016,0.000,0.000,0.981
0.000,0.000,0.997,0.003,0.000,0.000
0.000,0.000,1.000,0.000,0.000,0.000
0.000,0.000,1.000,0.000,0.000,0.000
0.000,0.000,0.038,0.962,0.000,0.000
0.000,0.000,0.998,0.002,0.000,0.000
0.000,0.000,0.995,0.005,0.000,0.000
0.000,0.000,0.906,0.094,0.000,0.000
0.000,0.000,0.994,0.006,0.000,0.000
0.000,0.000,0.996,0.004,0.000,0.000
0.000,0.000,0.105,0.895,0.000,0.000
0.000,0.000,0.993,0.007,0.000,0.000
0.000,0.000,0.990,0.010,0.000,0.000
0.000,0.000,0.301,0.699,0.000,0.000
0.000,0.000,0.998,0.002,0.000,0.000
0.000,0.000,0.997,0.003,0.000,0.000
0.000,0.000,0.094,0.905,0.000,0.000
0.000,0.000,1.000,0.000,0.000,0.000
0.000,0.000,0.976,0.024,0.000,0.000
0.000,0.000,0.218,0.782,0.000,0.000
0.000,0.000,0.997,0.003,0.000,0.000
0.000,0.000,0.972,0.028,0.000,0.000
0.000,0.000,0.134,0.866,0.000,0.000
0.000,0.000,0.562,0.438,0.000,0.000
0.000,0.000,0.633,0.367,0.000,0.000
0.000,0.000,0.931,0.069,0.000,0.000
0.000,0.000,0.629,0.371,0.000,0.000
0.000,0.000,0.807,0.193,0.000,0.000
0.000,0.000,0.957,0.043,0.000,0.000
0.000,0.000,0.491,0.509,0.000,0.000
0.000,0.000,0.969,0.031,0.000,0.000
0.000,0.000,0.100,0.900,0.000,0.000
0.000,0.000,0.944,0.056,0.000,0.000
0.000,0.000,0.969,0.031,0.000,0.000
0.000,0.000,0.046,0.954,0.000,0.000
0.000,0.000,0.977,0.023,0.000,0.000
0.000,0.000,0.988,0.012,0.000,0.000
0.000,0.000,0.018,0.981,0.001,0.000
0.000,0.000,0.977,0.023,0.000,0.000
0.000,0.000,0.980,0.020,0.000,0.000
0.000,0.000,0.020,0.979,0.001,0.000
0.000,0.000,0.999,0.001,0.000,0.000
0.000,0.000,1.000,0.000,0.000,0.000
0.000,0.000,0.045,0.954,0.000,0.000
0.000,0.000,1.000,0.000,0.000,0.000
0.000,0.000,1.000,0.000,0.000,0.000
0.000,0.000,0.559,0.441,0.000,0.000
0.000,0.000,1.000,0.000,0.000,0.000
0.000,0.000,1.000,0.000,0.000,0.000
0.000,0.000,0.414,0.586,0.000,0.000
0.000,0.000,1.000,0.000,0.000,0.000
0.000,0.000,1.000,0.000,0.000,0.000
0.000,0.000,0.053,0.947,0.000,0.000
0.000,0.000,0.995,0.005,0.000,0.000
0.000,0.000,0.997,0.003,0.000,0.000
0.000,0.000,0.416,0.584,0.000,0.000
0.000,0.000,0.999,0.001,0.000,0.000
0.000,0.000,1.000,0.000,0.000,0.000
0.000,0.000,0.899,0.101,0.000,0.000
0.000,0.000,1.000,0.000,0.000,0.000
0.000,0.000,0.998,0.002,0.000,0.000
0.000,0.000,0.972,0.028,0.000,0.000
0.000,0.000,0.976,0.024,0.000,0.000
0.000,0.000,0.968,0.032,0.000,0.000
0.000,0.000,0.994,0.006,0.000,0.000
0.000,0.000,1.000,0.000,0.000,0.000
0.000,0.000,0.999,0.001,0.000,0.000
0.000,0.000,0.500,0.500,0.000,0.000
0.000,0.000,0.877,0.123,0.000,0.000
0.000,0.000,0.736,0.264,0.000,0.000
0.000,0.000,0.107,0.893,0.000,0.000
0.000,0.000,0.948,0.052,0.000,0.000
0.000,0.000,0.971,0.029,0.000,0.000
0.000,0.000,0.071,0.928,0.000,0.000
0.000,0.000,0.810,0.190,0.000,0.000
0.000,0.000,0.954,0.046,0.000,0.000
0.000,0.000,0.054,0.946,0.000,0.000
0.000,0.000,0.907,0.093,0.000,0.000
0.000,0.000,0.366,0.634,0.000,0.000
0.000,0.000,0.284,0.716,0.000,0.000
0.000,0.000,0.980,0.020,0.000,0.000
0.000,0.000,0.985,0.015,0.000,0.000
0.000,0.000,0.968,0.032,0.000,0.000
0.000,0.000,0.985,0.014,0.000,0.000
0.000,0.000,0.973,0.027,0.000,0.000
0.000,0.000,0.803,0.197,0.000,0.000
0.000,0.000,0.967,0.033,0.000,0.000
0.000,0.000,0.976,0.024,0.000,0.000
0.000,0.000,0.684,0.316,0.000,0.000
0.000,0.000,1.000,0.000,0.000,0.000
0.000,0.000,0.996,0.004,0.000,0.000
0.000,0.000,0.577,0.423,0.000,0.000
0.000,0.000,0.992,0.008,0.000,0.000
0.000,0.000,0.997,0.003,0.000,0.000
0.000,0.000,0.901,0.099,0.000,0.000
0.000,0.000,0.923,0.077,0.000,0.000
0.000,0.000,0.823,0.177,0.000,0.000
0.000,0.000,0.040,0.959,0.000,0.000
0.000,0.000,0.942,0.058,0.000,0.000
0.000,0.000,0.949,0.051,0.000,0.000
0.000,0.000,0.151,0.849,0.000,0.000
0.000,0.000,1.000,0.000,0.000,0.000
0.000,0.000,0.509,0.491,0.000,0.000
0.000,0.000,0.999,0.001,0.000,0.000
0.000,0.000,0.000,0.004,0.996,0.000
0.000,0.000,0.000,0.144,0.856,0.000
0.000,0.000,0.000,0.000,1.000,0.000
0.000,0.000,0.054,0.946,0.000,0.000
0.000,0.000,0.991,0.009,0.000,0.000
0.000,0.000,0.000,0.125,0.875,0.000
0.000,0.000,1.000,0.000,0.000,0.000
0.000,0.000,0.000,0.000,1.000,0.000
0.000,0.000,0.840,0.000,0.000,0.160
0.000,0.000,0.634,0.366,0.000,0.000
0.000,0.000,0.000,0.000,1.000,0.000
0.000,0.000,0.000,0.000,0.000,1.000
0.000,0.000,0.675,0.325,0.000,0.000
0.000,0.000,1.000,0.000,0.000,0.000
0.000,0.000,0.175,0.825,0.000,0.000
0.000,0.000,1.000,0.000,0.000,0.000
0.000,0.000,0.309,0.690,0.000,0.000
0.000,0.000,0.990,0.000,0.000,0.010
0.000,0.000,0.414,0.586,0.000,0.000
0.000,0.000,1.000,0.000,0.000,0.000
0.000,0.000,0.377,0.623,0.000,0.000
0.000,0.000,0.999,0.000,0.000,0.001
0.000,0.000,0.675,0.325,0.000,0.000
0.000,0.000,1.000,0.000,0.000,0.000
0.000,0.000,0.000,0.039,0.961,0.000
0.000,0.000,1.000,0.000,0.000,0.000
0.000,0.000,0.502,0.498,0.000,0.000
0.000,0.000,0.461,0.539,0.000,0.000
0.000,0.000,0.999,0.001,0.000,0.000
0.000,0.000,0.949,0.051,0.000,0.000
0.000,0.000,1.000,0.000,0.000,0.000
0.000,0.000,0.725,0.275,0.000,0.000
0.000,0.000,1.000,0.000,0.000,0.000
0.000,0.000,1.000,0.000,0.000,0.000
0.000,0.000,1.000,0.000,0.000,0.000
0.000,0.000,0.041,0.959,0.000,0.000
0.000,0.000,1.000,0.000,0.000,0.000
0.000,0.000,0.990,0.010,0.000,0.000
0.000,0.000,1.000,0.000,0.000,0.000
0.000,0.000,0.726,0.274,0.000,0.000
0.000,0.000,0.999,0.001,0.000,0.000
0.000,0.000,0.874,0.126,0.000,0.000
0.000,0.000,1.000,0.000,0.000,0.000
0.000,0.000,0.919,0.081,0.000,0.000
0.000,0.000,1.000,0.000,0.000,0.000
0.000,0.000,1.000,0.000,0.000,0.000
0.000,0.000,0.919,0.081,0.000,0.000
0.000,0.000,0.999,0.001,0.000,0.000
0.000,0.000,0.956,0.044,0.000,0.000
0.000,0.000,0.963,0.037,0.000,0.000
0.000,0.000,1.000,0.000,0.000,0.000
0.000,0.000,0.984,0.016,0.000,0.000
0.000,0.000,1.000,0.000,0.000,0.000
0.000,0.000,0.757,0.243,0.000,0.000
0.000,0.000,1.000,0.000,0.000,0.000
0.000,0.000,1.000,0.000,0.000,0.000
0.000,0.000,1.000,0.000,0.000,0.000
0.000,0.000,0.940,0.060,0.000,0.000
0.000,0.000,1.000,0.000,0.000,0.000
0.000,0.000,0.977,0.023,0.000,0.000
0.000,0.000,0.623,0.377,0.000,0.000
0.000,0.000,0.998,0.002,0.000,0.000
0.000,0.000,0.000,0.000,1.000,0.000
0.886,0.000,0.000,0.000,0.000,0.114
0.000,0.000,0.018,0.982,0.000,0.000
0.000,0.000,0.000,0.000,1.000,0.000
0.000,0.000,0.014,0.985,0.001,0.000
0.000,0.000,0.000,0.000,1.000,0.000
0.000,0.000,0.000,0.001,0.999,0.000
0.000,0.000,0.991,0.009,0.000,0.000
0.000,0.000,0.000,0.000,1.000,0.000
0.000,0.000,0.000,0.212,0.788,0.000
0.000,0.000,0.002,0.996,0.002,0.000
0.000,0.000,0.000,0.007,0.993,0.000
0.000,0.000,0.357,0.643,0.000,0.000
0.000,0.000,0.588,0.412,0.000,0.000
0.000,0.000,0.000,0.002,0.998,0.000
0.000,0.000,0.357,0.643,0.000,0.000
0.000,0.000,1.000,0.000,0.000,0.000
0.000,0.879,0.000,0.000,0.000,0.121
0.000,0.366,0.000,0.000,0.000,0.634
0.334,0.000,0.000,0.000,0.000,0.666
0.001,0.000,0.000,0.000,0.000,0.999
0.002,0.000,0.000,0.000,0.000,0.998
0.996,0.000,0.000,0.000,0.000,0.004
0.892,0.000,0.000,0.000,0.000,0.108
0.986,0.000,0.000,0.000,0.000,0.014
0.645,0.000,0.000,0.000,0.000,0.355
0.891,0.000,0.000,0.000,0.000,0.109
0.737,0.000,0.000,0.000,0.000,0.263
0.788,0.000,0.000,0.000,0.000,0.212
0.788,0.000,0.000,0.000,0.000,0.212
0.891,0.000,0.000,0.000,0.000,0.109
0.677,0.000,0.000,0.000,0.000,0.323
0.677,0.000,0.000,0.000,0.000,0.323
0.677,0.000,0.000,0.000,0.000,0.323
0.903,0.000,0.000,0.000,0.000,0.097
0.922,0.000,0.000,0.000,0.000,0.078
0.957,0.000,0.000,0.000,0.000,0.043
0.891,0.000,0.000,0.000,0.000,0.109
0.949,0.000,0.000,0.000,0.000,0.051
0.878,0.000,0.000,0.000,0.000,0.122
0.830,0.000,0.000,0.000,0.000,0.170
0.416,0.000,0.000,0.000,0.000,0.584
0.954,0.000,0.000,0.000,0.000,0.046
0.998,0.000,0.000,0.000,0.000,0.002
0.978,0.000,0.000,0.000,0.000,0.022
0.983,0.000,0.000,0.000,0.000,0.017
0.992,0.000,0.000,0.000,0.000,0.008
0.949,0.000,0.000,0.000,0.000,0.051
0.891,0.000,0.000,0.000,0.000,0.109
0.878,0.000,0.000,0.000,0.000,0.122
0.974,0.000,0.000,0.000,0.000,0.026
0.997,0.000,0.000,0.000,0.000,0.003
0.536,0.000,0.000,0.000,0.000,0.464
0.788,0.000,0.000,0.000,0.000,0.212
0.456,0.000,0.000,0.000,0.000,0.544
0.373,0.000,0.000,0.000,0.000,0.627
0.180,0.000,0.000,0.000,0.000,0.820
0.001,0.000,0.000,0.000,0.000,0.999
0.000,0.001,0.939,0.000,0.000,0.060
0.000,0.000,0.933,0.067,0.000,0.000
0.000,0.000,0.999,0.000,0.000,0.001
0.000,0.000,1.000,0.000,0.000,0.000
0.000,0.000,0.943,0.057,0.000,0.000
0.000,0.000,0.987,0.000,0.000,0.013
0.000,0.000,1.000,0.000,0.000,0.000
0.000,0.000,1.000,0.000,0.000,0.000
0.000,0.000,1.000,0.000,0.000,0.000
0.000,0.000,1.000,0.000,0.000,0.000
0.000,0.000,0.624,0.376,0.000,0.000
0.000,0.000,1.000,0.000,0.000,0.000
0.000,0.000,0.999,0.001,0.000,0.000
0.000,0.000,0.999,0.001,0.000,0.000
0.000,0.000,1.000,0.000,0.000,0.000
0.000,0.000,0.999,0.001,0.000,0.000
0.000,0.000,1.000,0.000,0.000,0.000
0.000,0.000,0.999,0.000,0.000,0.001
0.000,0.000,1.000,0.000,0.000,0.000
0.000,0.000,1.000,0.000,0.000,0.000
0.000,0.000,1.000,0.000,0.000,0.000
0.000,0.000,1.000,0.000,0.000,0.000
0.000,0.000,1.000,0.000,0.000,0.000
0.000,0.000,1.000,0.000,0.000,0.000
0.000,0.000,0.999,0.001,0.000,0.000
0.000,0.000,0.758,0.242,0.000,0.000
0.000,0.000,1.000,0.000,0.000,0.000
0.000,0.000,1.000,0.000,0.000,0.000
0.000,0.000,0.970,0.030,0.000,0.000
0.000,0.000,0.999,0.000,0.000,0.001
0.000,0.000,1.000,0.000,0.000,0.000
0.000,0.000,0.965,0.035,0.000,0.000
0.000,0.000,0.999,0.001,0.000,0.000
0.000,0.000,0.996,0.004,0.000,0.000
0.000,0.000,0.964,0.036,0.000,0.000
0.000,0.000,0.996,0.004,0.000,0.000
0.000,0.000,0.930,0.070,0.000,0.000
0.000,0.000,0.046,0.954,0.000,0.000
0.000,0.000,0.994,0.006,0.000,0.000
0.000,0.000,0.996,0.004,0.000,0.000
0.000,0.000,0.228,0.772,0.000,0.000
0.000,0.000,1.000,0.000,0.000,0.000
0.000,0.000,0.999,0.001,0.000,0.000
0.000,0.000,0.998,0.002,0.000,0.000
0.000,0.000,0.978,0.022,0.000,0.000
0.000,0.000,0.990,0.010,0.000,0.000
0.000,0.000,1.000,0.000,0.000,0.000
0.000,0.000,0.995,0.005,0.000,0.000
0.000,0.000,0.997,0.003,0.000,0.000
0.000,0.000,0.997,0.003,0.000,0.000
0.000,0.000,0.999,0.001,0.000,0.000
0.000,0.000,0.998,0.002,0.000,0.000
0.000,0.000,0.996,0.004,0.000,0.000
0.000,0.000,1.000,0.000,0.000,0.000
0.000,0.000,1.000,0.000,0.000,0.000
0.000,0.000,0.999,0.001,0.000,0.000
0.000,0.000,0.998,0.002,0.000,0.000
0.000,0.000,0.999,0.001,0.000,0.000
0.000,0.000,1.000,0.000,0.000,0.000
0.000,0.000,1.000,0.000,0.000,0.000
0.000,0.000,0.982,0.018,0.000,0.000
0.000,0.000,0.131,0.869,0.000,0.000
0.000,0.000,0.982,0.018,0.000,0.000
0.000,0.000,0.991,0.009,0.000,0.000
0.000,0.000,0.985,0.015,0.000,0.000
0.000,0.000,0.989,0.011,0.000,0.000
0.000,0.000,1.000,0.000,0.000,0.000
0.000,0.000,0.421,0.579,0.000,0.000
0.000,0.000,1.000,0.000,0.000,0.000
0.000,0.000,0.975,0.025,0.000,0.000
0.000,0.000,0.981,0.019,0.000,0.000
0.000,0.000,0.000,0.000,1.000,0.000
0.000,0.000,0.000,0.000,1.000,0.000
0.000,0.000,0.000,0.000,1.000,0.000
0.000,0.000,0.000,0.746,0.254,0.000
0.000,0.000,0.578,0.422,0.000,0.000
0.000,0.000,1.000,0.000,0.000,0.000
0.000,0.000,1.000,0.000,0.000,0.000
0.000,0.000,0.998,0.000,0.000,0.002
0.001,0.000,0.000,0.000,0.000,0.999
0.004,0.000,0.000,0.000,0.000,0.996
0.975,0.000,0.000,0.000,0.000,0.025
0.995,0.000,0.000,0.000,0.000,0.005
1.000,0.000,0.000,0.000,0.000,0.000
1.000,0.000,0.000,0.000,0.000,0.000
1.000,0.000,0.000,0.000,0.000,0.000
1.000,0.000,0.000,0.000,0.000,0.000
1.000,0.000,0.000,0.000,0.000,0.000
1.000,0.000,0.000,0.000,0.000,0.000
0.000,0.000,0.000,0.000,1.000,0.000
0.000,0.000,0.000,0.000,1.000,0.000
0.000,0.813,0.186,0.000,0.000,0.000
0.000,0.000,0.000,0.000,1.000,0.000
1.000,0.000,0.000,0.000,0.000,0.000
1.000,0.000,0.000,0.000,0.000,0.000
1.000,0.000,0.000,0.000,0.000,0.000
1.000,0.000,0.000,0.000,0.000,0.000
1.000,0.000,0.000,0.000,0.000,0.000
0.000,0.000,0.000,0.000,1.000,0.000
1.000,0.000,0.000,0.000,0.000,0.000
1.000,0.000,0.000,0.000,0.000,0.000
0.000,0.000,0.000,0.010,0.990,0.000
1.000,0.000,0.000,0.000,0.000,0.000
1.000,0.000,0.000,0.000,0.000,0.000
1.000,0.000,0.000,0.000,0.000,0.000
1.000,0.000,0.000,0.000,0.000,0.000
1.000,0.000,0.000,0.000,0.000,0.000
1.000,0.000,0.000,0.000,0.000,0.000
1.000,0.000,0.000,0.000,0.000,0.000
1.000,0.000,0.000,0.000,0.000,0.000
0.000,0.000,0.000,0.000,1.000,0.000
1.000,0.000,0.000,0.000,0.000,0.000
1.000,0.000,0.000,0.000,0.000,0.000
1.000,0.000,0.000,0.000,0.000,0.000
0.003,0.000,0.000,0.000,0.000,0.997
0.851,0.000,0.000,0.000,0.000,0.149
0.000,0.000,0.425,0.574,0.000,0.000
0.000,0.000,0.975,0.025,0.000,0.000
0.000,0.000,1.000,0.000,0.000,0.000
0.000,0.000,1.000,0.000,0.000,0.000
0.000,0.000,0.922,0.078,0.000,0.000
0.000,0.000,0.997,0.003,0.000,0.000
0.000,0.000,0.102,0.898,0.000,0.000
0.000,0.000,0.994,0.006,0.000,0.000
0.000,0.000,0.997,0.003,0.000,0.000
0.000,0.000,0.999,0.001,0.000,0.000
0.000,0.000,1.000,0.000,0.000,0.000
0.000,0.000,0.991,0.009,0.000,0.000
0.000,0.000,0.943,0.057,0.000,0.000
0.000,0.000,1.000,0.000,0.000,0.000
0.000,0.000,0.951,0.049,0.000,0.000
0.000,0.000,0.978,0.022,0.000,0.000
0.000,0.000,0.999,0.001,0.000,0.000
0.000,0.000,0.975,0.025,0.000,0.000
0.000,0.000,0.965,0.035,0.000,0.000
0.000,0.000,0.959,0.041,0.000,0.000
0.000,0.000,0.965,0.035,0.000,0.000
0.000,0.000,0.985,0.015,0.000,0.000
0.000,0.000,0.999,0.001,0.000,0.000
0.000,0.000,0.909,0.091,0.000,0.000
0.000,0.000,0.225,0.774,0.000,0.000
0.000,0.000,0.974,0.026,0.000,0.000
0.000,0.000,0.470,0.530,0.000,0.000
0.000,0.000,0.000,0.987,0.013,0.000
0.000,0.000,1.000,0.000,0.000,0.000
0.000,0.000,0.970,0.030,0.000,0.000
0.000,0.000,0.016,0.984,0.000,0.000
0.000,0.000,1.000,0.000,0.000,0.000
0.000,0.000,1.000,0.000,0.000,0.000
0.000,0.000,0.941,0.059,0.000,0.000
0.000,0.000,0.994,0.006,0.000,0.000
0.000,0.000,0.998,0.002,0.000,0.000
0.000,0.000,0.006,0.993,0.001,0.000
0.000,0.000,1.000,0.000,0.000,0.000
0.000,0.000,0.998,0.002,0.000,0.000
0.000,0.000,0.999,0.001,0.000,0.000
0.000,0.000,0.993,0.000,0.000,0.007
0.000,0.000,0.999,0.001,0.000,0.000
0.000,0.000,0.999,0.001,0.000,0.000
0.000,0.000,0.987,0.013,0.000,0.000
0.000,0.000,0.999,0.001,0.000,0.000
0.000,0.000,0.998,0.002,0.000,0.000
0.000,0.000,1.000,0.000,0.000,0.000
0.000,0.000,0.994,0.006,0.000,0.000
0.000,0.000,0.470,0.530,0.000,0.000
0.000,0.000,0.999,0.001,0.000,0.000
0.000,0.000,0.999,0.001,0.000,0.000
0.000,0.000,0.984,0.016,0.000,0.000
0.000,0.000,0.999,0.000,0.000,0.001
0.000,0.000,1.000,0.000,0.000,0.000
0.000,0.000,1.000,0.000,0.000,0.000
0.000,0.000,1.000,0.000,0.000,0.000
0.000,0.000,1.000,0.000,0.000,0.000
0.000,0.000,0.997,0.003,0.000,0.000
0.000,0.000,1.000,0.000,0.000,0.000
0.000,0.000,0.999,0.000,0.000,0.001
0.000,0.152,0.000,0.000,0.000,0.848
0.000,0.008,0.000,0.000,0.000,0.991
0.000,0.167,0.000,0.000,0.000,0.833
0.000,0.109,0.000,0.000,0.000,0.890
0.000,0.000,0.000,0.000,1.000,0.000
0.000,0.913,0.000,0.000,0.000,0.087
0.000,0.097,0.000,0.000,0.000,0.903
0.000,0.514,0.000,0.000,0.000,0.485
0.000,0.669,0.000,0.000,0.000,0.331
0.000,0.790,0.000,0.000,0.000,0.210
0.000,0.553,0.000,0.000,0.000,0.447
0.000,0.005,0.000,0.000,0.000,0.994
0.001,0.006,0.000,0.000,0.000,0.994
0.001,0.001,0.000,0.000,0.000,0.998
0.001,0.002,0.000,0.000,0.000,0.997
0.001,0.001,0.000,0.000,0.000,0.998
0.001,0.001,0.000,0.000,0.000,0.998
0.001,0.001,0.000,0.000,0.000,0.998
0.001,0.000,0.000,0.000,0.000,0.999
0.000,0.197,0.000,0.000,0.000,0.803
0.001,0.000,0.000,0.000,0.000,0.999
0.000,0.185,0.000,0.000,0.000,0.814
0.001,0.065,0.000,0.000,0.000,0.934
0.001,0.000,0.000,0.000,0.000,0.999
0.001,0.013,0.000,0.000,0.000,0.986
0.001,0.003,0.000,0.000,0.000,0.996
0.001,0.001,0.000,0.000,0.000,0.998
0.001,0.000,0.000,0.000,0.000,0.999
0.000,0.007,0.000,0.000,0.000,0.993
0.000,0.840,0.000,0.000,0.000,0.160
0.000,0.747,0.000,0.000,0.000,0.253
0.000,0.608,0.000,0.000,0.000,0.392
0.000,0.862,0.000,0.000,0.000,0.138
0.000,0.927,0.000,0.000,0.000,0.073
0.000,0.975,0.002,0.000,0.000,0.023
0.000,0.041,0.000,0.000,0.000,0.959
0.000,0.936,0.001,0.000,0.000,0.064
0.000,0.871,0.000,0.000,0.000,0.129
0.001,0.000,0.000,0.000,0.000,0.999
0.004,0.000,0.000,0.000,0.000,0.996
0.004,0.000,0.000,0.000,0.000,0.996
0.000,0.720,0.000,0.000,0.000,0.280
0.000,0.275,0.000,0.000,0.000,0.725
0.000,0.468,0.000,0.000,0.000,0.532
0.000,0.052,0.000,0.000,0.000,0.948
0.000,0.354,0.000,0.000,0.000,0.646
0.000,0.208,0.000,0.000,0.000,0.792
0.000,0.468,0.000,0.000,0.000,0.532
0.000,0.416,0.000,0.000,0.000,0.583
0.000,0.781,0.000,0.000,0.000,0.219
0.000,0.757,0.000,0.000,0.000,0.242
0.000,0.829,0.000,0.000,0.000,0.171
0.000,0.953,0.000,0.000,0.000,0.047
0.000,0.841,0.158,0.000,0.000,0.000
0.000,0.001,0.999,0.000,0.000,0.000
0.000,0.000,1.000,0.000,0.000,0.000
0.000,0.000,1.000,0.000,0.000,0.000
0.000,0.000,0.999,0.001,0.000,0.000
0.000,0.000,0.999,0.001,0.000,0.000
0.000,0.000,1.000,0.000,0.000,0.000
0.000,0.000,1.000,0.000,0.000,0.000
0.000,0.000,1.000,0.000,0.000,0.000
0.000,0.000,1.000,0.000,0.000,0.000
0.000,0.000,1.000,0.000,0.000,0.000
0.000,0.000,1.000,0.000,0.000,0.000
0.000,0.000,0.999,0.001,0.000,0.000
0.000,0.000,0.960,0.040,0.000,0.000
0.000,0.000,0.988,0.012,0.000,0.000
0.000,0.000,1.000,0.000,0.000,0.000
0.000,0.000,1.000,0.000,0.000,0.000
0.000,0.000,0.999,0.001,0.000,0.000
0.000,0.000,0.998,0.002,0.000,0.000
0.000,0.000,0.998,0.002,0.000,0.000
0.000,0.000,0.998,0.002,0.000,0.000
0.000,0.000,0.989,0.011,0.000,0.000
0.000,0.000,0.993,0.007,0.000,0.000
0.000,0.991,0.009,0.000,0.000,0.000
0.000,0.992,0.008,0.000,0.000,0.000
0.000,0.713,0.287,0.000,0.000,0.000
0.000,0.637,0.363,0.000,0.000,0.000
0.000,0.538,0.462,0.000,0.000,0.000
0.000,0.763,0.237,0.000,0.000,0.000
0.000,0.353,0.647,0.000,0.000,0.000
0.000,0.105,0.895,0.000,0.000,0.000
0.000,0.008,0.991,0.000,0.000,0.000
0.000,0.064,0.936,0.000,0.000,0.000
0.000,0.356,0.644,0.000,0.000,0.000
0.000,0.356,0.644,0.000,0.000,0.000
0.000,0.893,0.107,0.000,0.000,0.000
0.000,0.673,0.327,0.000,0.000,0.000
0.000,0.621,0.379,0.000,0.000,0.000
0.000,0.953,0.047,0.000,0.000,0.000
0.000,0.640,0.360,0.000,0.000,0.000
0.000,0.998,0.002,0.000,0.000,0.000
0.000,0.995,0.005,0.000,0.000,0.000
0.000,0.988,0.012,0.000,0.000,0.000
0.000,0.986,0.014,0.000,0.000,0.000
0.000,0.795,0.205,0.000,0.000,0.000
0.000,0.143,0.857,0.000,0.000,0.000
0.000,0.091,0.909,0.000,0.000,0.000
0.000,0.386,0.614,0.000,0.000,0.000
0.000,0.524,0.476,0.000,0.000,0.000
0.000,0.617,0.383,0.000,0.000,0.000
0.000,0.992,0.008,0.000,0.000,0.000
0.000,0.807,0.193,0.000,0.000,0.000
0.000,0.568,0.432,0.000,0.000,0.000
0.000,0.002,0.998,0.000,0.000,0.000
0.000,0.003,0.997,0.000,0.000,0.000
0.000,0.004,0.996,0.000,0.000,0.000
0.000,0.007,0.993,0.000,0.000,0.000
0.000,0.007,0.993,0.000,0.000,0.000
0.000,0.473,0.527,0.000,0.000,0.000
0.000,0.473,0.527,0.000,0.000,0.000
0.000,0.421,0.579,0.000,0.000,0.000
0.000,0.065,0.935,0.000,0.000,0.000
0.000,0.986,0.013,0.000,0.000,0.001
0.000,0.993,0.002,0.000,0.000,0.005
0.000,0.881,0.119,0.000,0.000,0.000
0.000,0.476,0.523,0.000,0.000,0.001
0.000,0.000,1.000,0.000,0.000,0.000
0.000,0.000,0.713,0.286,0.000,0.000
0.000,0.000,0.327,0.673,0.000,0.000
0.000,0.000,0.460,0.540,0.000,0.000
0.000,0.000,0.764,0.236,0.000,0.000
0.000,0.000,0.952,0.048,0.000,0.000
0.000,0.000,0.322,0.678,0.000,0.000
0.000,0.000,0.208,0.791,0.000,0.000
0.000,0.000,0.059,0.941,0.000,0.000
0.000,0.000,0.000,0.195,0.805,0.000
0.000,0.000,0.999,0.001,0.000,0.000
0.000,0.000,0.001,0.993,0.006,0.000
0.000,0.000,0.969,0.031,0.000,0.000
0.000,0.000,0.958,0.042,0.000,0.000
0.000,0.000,0.352,0.648,0.000,0.000
0.000,0.000,0.235,0.765,0.000,0.000
0.000,0.000,0.088,0.912,0.000,0.000
0.000,0.000,0.068,0.932,0.000,0.000
0.000,0.000,0.000,0.074,0.926,0.000
0.000,0.000,1.000,0.000,0.000,0.000
0.000,0.000,0.000,0.176,0.824,0.000
0.000,0.000,1.000,0.000,0.000,0.000
0.000,0.000,1.000,0.000,0.000,0.000
0.000,0.000,0.999,0.001,0.000,0.000
0.000,0.000,0.907,0.093,0.000,0.000
0.000,0.000,1.000,0.000,0.000,0.000
0.000,0.000,1.000,0.000,0.000,0.000
0.000,0.000,0.999,0.001,0.000,0.000
0.000,0.000,0.999,0.001,0.000,0.000
0.000,0.000,0.999,0.001,0.000,0.000
0.000,0.000,0.000,0.000,1.000,0.000
0.000,0.000,0.000,0.000,1.000,0.000
1.000,0.000,0.000,0.000,0.000,0.000
0.000,0.000,0.000,0.000,1.000,0.000
0.000,0.000,0.757,0.243,0.000,0.000
0.000,0.000,0.998,0.002,0.000,0.000
0.000,0.000,0.998,0.002,0.000,0.000
0.000,0.000,0.999,0.001,0.000,0.000
0.000,0.000,0.000,0.000,1.000,0.000
0.000,0.000,0.000,0.000,1.000,0.000
0.000,0.000,0.975,0.025,0.000,0.000
0.000,0.000,0.338,0.662,0.000,0.000
0.000,0.000,0.350,0.650,0.000,0.000
0.000,0.000,0.858,0.142,0.000,0.000
0.000,0.000,0.000,0.000,1.000,0.000
0.000,0.000,0.000,0.000,1.000,0.000
0.000,0.000,0.957,0.043,0.000,0.000
0.000,0.000,0.294,0.706,0.000,0.000
0.000,0.000,0.025,0.975,0.000,0.000
0.000,0.000,0.033,0.967,0.000,0.000
0.000,0.000,0.000,0.923,0.077,0.000
0.000,0.000,0.000,0.971,0.029,0.000
1.000,0.000,0.000,0.000,0.000,0.000
0.000,0.000,0.000,0.000,1.000,0.000
0.000,0.000,0.281,0.718,0.000,0.000
0.000,0.000,0.668,0.332,0.000,0.000
0.000,0.000,0.977,0.023,0.000,0.000
0.000,0.000,0.994,0.006,0.000,0.000
0.000,0.000,0.997,0.003,0.000,0.000
0.000,0.000,1.000,0.000,0.000,0.000
0.000,0.000,1.000,0.000,0.000,0.000
0.000,0.000,1.000,0.000,0.000,0.000
0.000,0.000,1.000,0.000,0.000,0.000
0.000,0.000,1.000,0.000,0.000,0.000
0.000,0.000,1.000,0.000,0.000,0.000
0.000,0.000,1.000,0.000,0.000,0.000
0.000,0.000,1.000,0.000,0.000,0.000
0.000,0.000,1.000,0.000,0.000,0.000
0.000,0.000,1.000,0.000,0.000,0.000
0.000,0.000,1.000,0.000,0.000,0.000
0.000,0.000,1.000,0.000,0.000,0.000
0.000,0.000,0.996,0.000,0.000,0.004
0.000,0.000,1.000,0.000,0.000,0.000
0.000,0.000,1.000,0.000,0.000,0.000
0.000,0.000,0.999,0.001,0.000,0.000
0.000,0.000,1.000,0.000,0.000,0.000
0.000,0.000,0.996,0.004,0.000,0.000
0.000,0.000,0.988,0.012,0.000,0.000
0.000,0.000,0.992,0.008,0.000,0.000
0.000,0.000,0.000,0.000,1.000,0.000
0.000,0.000,0.000,0.000,1.000,0.000
0.000,0.000,0.000,0.001,0.999,0.000
0.000,0.000,0.000,0.000,1.000,0.000
0.000,0.000,0.003,0.995,0.002,0.000
0.000,0.000,0.000,0.818,0.182,0.000
0.000,0.000,0.000,0.819,0.181,0.000
0.000,0.000,0.981,0.019,0.000,0.000
0.000,0.000,0.000,0.168,0.832,0.000
0.000,0.000,0.957,0.043,0.000,0.000
0.000,0.000,0.992,0.008,0.000,0.000
0.000,0.000,1.000,0.000,0.000,0.000
0.000,0.000,1.000,0.000,0.000,0.000
0.000,0.000,0.999,0.001,0.000,0.000
0.000,0.000,0.999,0.001,0.000,0.000
0.000,0.000,0.999,0.001,0.000,0.000
0.000,0.000,0.999,0.001,0.000,0.000
0.000,0.000,0.406,0.594,0.000,0.000
0.000,0.000,0.331,0.669,0.000,0.000
0.000,0.000,0.368,0.632,0.000,0.000
0.000,0.000,0.978,0.022,0.000,0.000
0.000,0.000,0.606,0.394,0.000,0.000
0.000,0.000,0.872,0.128,0.000,0.000
0.000,0.000,0.998,0.002,0.000,0.000
0.000,0.000,0.905,0.095,0.000,0.000
0.000,0.000,0.978,0.022,0.000,0.000
0.000,0.000,0.978,0.022,0.000,0.000
0.000,0.000,0.984,0.016,0.000,0.000
0.000,0.000,0.991,0.009,0.000,0.000
0.000,0.000,0.974,0.026,0.000,0.000
0.000,0.000,0.987,0.013,0.000,0.000
0.000,0.000,0.575,0.425,0.000,0.000
0.000,0.000,1.000,0.000,0.000,0.000
0.000,0.000,0.999,0.001,0.000,0.000
0.000,0.000,0.998,0.002,0.000,0.000
0.000,0.000,0.996,0.004,0.000,0.000
0.000,0.000,0.975,0.025,0.000,0.000
0.000,0.000,0.934,0.066,0.000,0.000
0.000,0.000,0.429,0.571,0.000,0.000
0.000,0.000,0.006,0.993,0.001,0.000
0.000,0.000,0.006,0.992,0.001,0.000
0.000,0.000,0.005,0.993,0.002,0.000
0.000,0.000,0.747,0.253,0.000,0.000
0.000,0.000,0.019,0.980,0.001,0.000
0.000,0.000,0.019,0.980,0.001,0.000
0.000,0.000,0.292,0.708,0.000,0.000
0.000,0.000,0.100,0.899,0.000,0.000
0.000,0.000,0.045,0.954,0.001,0.000
0.000,0.000,0.000,0.935,0.065,0.000
0.000,0.000,0.000,0.945,0.055,0.000
0.000,0.000,0.000,0.763,0.237,0.000
0.000,0.000,0.000,0.827,0.173,0.000
0.000,0.000,0.001,0.992,0.007,0.000
0.000,0.000,0.000,0.001,0.999,0.000
0.000,0.000,0.000,0.001,0.999,0.000
0.000,0.000,0.996,0.004,0.000,0.000
0.000,0.000,0.164,0.836,0.000,0.000
0.000,0.000,0.346,0.654,0.000,0.000
0.000,0.000,0.260,0.740,0.000,0.000
0.000,0.000,0.002,0.995,0.003,0.000
0.000,0.000,0.002,0.995,0.003,0.000
0.000,0.000,0.077,0.923,0.000,0.000
0.000,0.000,0.144,0.856,0.000,0.000
0.000,0.000,0.205,0.794,0.000,0.000
0.000,0.000,0.561,0.439,0.000,0.000
0.000,0.000,0.525,0.475,0.000,0.000
0.000,0.000,0.004,0.994,0.002,0.000
0.000,0.000,0.000,0.949,0.051,0.000
0.000,0.000,0.000,0.949,0.051,0.000
0.000,0.000,0.086,0.914,0.000,0.000
0.000,0.000,0.000,0.016,0.984,0.000
0.000,0.000,0.000,0.016,0.984,0.000
0.000,0.000,0.000,0.003,0.997,0.000
0.000,0.000,0.000,0.003,0.997,0.000
0.000,0.000,0.001,0.994,0.005,0.000
0.000,0.000,0.001,0.995,0.004,0.000
0.000,0.000,0.001,0.995,0.004,0.000
0.000,0.000,0.002,0.995,0.003,0.000
0.000,0.000,0.002,0.996,0.002,0.000
0.000,0.000,0.000,0.936,0.064,0.000
0.000,0.000,0.000,0.741,0.259,0.000
0.000,0.000,0.000,0.655,0.345,0.000
0.000,0.000,0.006,0.993,0.001,0.000
0.000,0.000,0.041,0.959,0.000,0.000
0.000,0.000,0.041,0.959,0.000,0.000
0.000,0.000,0.005,0.994,0.001,0.000
0.000,0.000,0.004,0.995,0.001,0.000
0.000,0.000,0.000,0.970,0.030,0.000
0.000,0.000,0.000,0.985,0.014,0.000
0.000,0.000,0.000,0.956,0.043,0.000
0.000,0.000,0.001,0.987,0.012,0.000
0.000,0.000,0.000,0.812,0.188,0.000
0.000,0.000,0.000,0.985,0.014,0.000
0.000,0.000,0.001,0.988,0.011,0.000
0.000,0.000,0.000,0.986,0.013,0.000
0.000,0.000,0.000,0.913,0.087,0.000
0.000,0.000,0.000,0.914,0.086,0.000
0.000,0.000,0.001,0.993,0.006,0.000
0.000,0.000,0.004,0.994,0.001,0.000
0.000,0.000,0.003,0.996,0.002,0.000
0.000,0.000,0.003,0.995,0.002,0.000
0.000,0.000,0.006,0.993,0.001,0.000
0.000,0.000,0.018,0.982,0.000,0.000
0.000,0.000,0.012,0.988,0.001,0.000
0.000,0.000,0.002,0.995,0.003,0.000
0.000,0.000,0.002,0.996,0.002,0.000
0.000,0.000,0.000,0.971,0.028,0.000
0.000,0.000,0.000,0.959,0.041,0.000
0.000,0.000,0.000,0.707,0.293,0.000
0.000,0.000,0.001,0.988,0.011,0.000
0.000,0.000,0.000,0.872,0.128,0.000
0.000,0.000,0.000,0.871,0.129,0.000
0.000,0.000,0.000,0.204,0.796,0.000
0.000,0.000,0.000,0.702,0.298,0.000
0.000,0.000,0.000,0.866,0.134,0.000
0.000,0.000,0.000,0.678,0.322,0.000
0.000,0.000,0.000,0.482,0.518,0.000
0.000,0.000,0.000,0.665,0.335,0.000
0.000,0.000,0.000,0.946,0.054,0.000
0.000,0.000,0.000,0.946,0.053,0.000
0.000,0.000,0.000,0.946,0.053,0.000
0.000,0.000,0.000,0.511,0.489,0.000
0.000,0.000,0.000,0.935,0.065,0.000
0.000,0.000,0.000,0.935,0.065,0.000
0.000,0.000,0.001,0.989,0.011,0.000
0.000,0.000,0.000,0.946,0.054,0.000
0.000,0.000,0.000,0.955,0.045,0.000
0.000,0.000,0.000,0.865,0.135,0.000
0.000,0.000,0.000,0.778,0.222,0.000
0.000,0.000,0.000,0.778,0.222,0.000
0.000,0.000,0.000,0.887,0.113,0.000
0.000,0.000,0.000,0.778,0.222,0.000
0.000,0.000,0.000,0.778,0.222,0.000
0.000,0.000,0.000,0.974,0.026,0.000
0.000,0.000,0.000,0.974,0.026,0.000
0.000,0.000,0.000,0.005,0.995,0.000
0.000,0.000,0.000,0.986,0.013,0.000
0.000,0.000,1.000,0.000,0.000,0.000
0.000,0.000,1.000,0.000,0.000,0.000
0.642,0.000,0.000,0.000,0.000,0.358
1.000,0.000,0.000,0.000,0.000,0.000
1.000,0.000,0.000,0.000,0.000,0.000
1.000,0.000,0.000,0.000,0.000,0.000
1.000,0.000,0.000,0.000,0.000,0.000
0.997,0.000,0.000,0.000,0.000,0.003
1.000,0.000,0.000,0.000,0.000,0.000
1.000,0.000,0.000,0.000,0.000,0.000
1.000,0.000,0.000,0.000,0.000,0.000
1.000,0.000,0.000,0.000,0.000,0.000
1.000,0.000,0.000,0.000,0.000,0.000
1.000,0.000,0.000,0.000,0.000,0.000
1.000,0.000,0.000,0.000,0.000,0.000
1.000,0.000,0.000,0.000,0.000,0.000
1.000,0.000,0.000,0.000,0.000,0.000
1.000,0.000,0.000,0.000,0.000,0.000
1.000,0.000,0.000,0.000,0.000,0.000
1.000,0.000,0.000,0.000,0.000,0.000
1.000,0.000,0.000,0.000,0.000,0.000
1.000,0.000,0.000,0.000,0.000,0.000
1.000,0.000,0.000,0.000,0.000,0.000
1.000,0.000,0.000,0.000,0.000,0.000
1.000,0.000,0.000,0.000,0.000,0.000
1.000,0.000,0.000,0.000,0.000,0.000
1.000,0.000,0.000,0.000,0.000,0.000
1.000,0.000,0.000,0.000,0.000,0.000
1.000,0.000,0.000,0.000,0.000,0.000
1.000,0.000,0.000,0.000,0.000,0.000
1.000,0.000,0.000,0.000,0.000,0.000
1.000,0.000,0.000,0.000,0.000,0.000
1.000,0.000,0.000,0.000,0.000,0.000
1.000,0.000,0.000,0.000,0.000,0.000
1.000,0.000,0.000,0.000,0.000,0.000
1.000,0.000,0.000,0.000,0.000,0.000
1.000,0.000,0.000,0.000,0.000,0.000
1.000,0.000,0.000,0.000,0.000,0.000
