1.000,0.000,0.000,0.000,0.000,0.000,0.000
0.347,0.000,0.000,0.000,0.000,0.653,0.000
0.002,0.000,0.000,0.000,0.000,0.998,0.000
0.001,0.000,0.000,0.000,0.000,0.999,0.000
0.033,0.000,0.000,0.000,0.000,0.967,0.000
0.006,0.000,0.000,0.000,0.000,0.994,0.000
0.083,0.000,0.000,0.000,0.000,0.917,0.000
0.000,0.000,0.000,0.000,0.000,1.000,0.000
0.000,0.000,0.000,0.000,0.000,1.000,0.000
0.073,0.000,0.000,0.000,0.000,0.927,0.000
0.018,0.000,0.000,0.000,0.000,0.982,0.000
1.000,0.000,0.000,0.000,0.000,0.000,0.000
0.064,0.000,0.000,0.000,0.000,0.936,0.000
1.000,0.000,0.000,0.000,0.000,0.000,0.000
1.000,0.000,0.000,0.000,0.000,0.000,0.000
0.000,0.000,0.000,0.000,0.000,1.000,0.000
1.000,0.000,0.000,0.000,0.000,0.000,0.000
0.008,0.000,0.000,0.000,0.000,0.992,0.000
0.485,0.000,0.000,0.000,0.000,0.515,0.000
0.009,0.000,0.000,0.000,0.000,0.991,0.000
0.407,0.000,0.000,0.000,0.000,0.593,0.000
0.643,0.000,0.000,0.000,0.000,0.357,0.000
0.226,0.000,0.000,0.000,0.000,0.774,0.000
0.003,0.000,0.000,0.000,0.000,0.997,0.000
0.003,0.000,0.000,0.000,0.000,0.997,0.000
0.532,0.000,0.000,0.000,0.000,0.468,0.000
0.077,0.000,0.000,0.000,0.000,0.923,0.000
0.006,0.000,0.000,0.000,0.000,0.994,0.000
0.133,0.000,0.000,0.000,0.000,0.867,0.000
0.407,0.000,0.000,0.000,0.000,0.593,0.000
0.644,0.000,0.000,0.000,0.000,0.356,0.000
0.002,0.000,0.000,0.000,0.000,0.998,0.000
0.120,0.000,0.000,0.000,0.000,0.880,0.000
0.850,0.000,0.000,0.000,0.000,0.150,0.000
0.077,0.000,0.000,0.000,0.000,0.923,0.000
0.002,0.000,0.000,0.000,0.000,0.998,0.000
0.000,0.999,0.000,0.000,0.000,0.001,0.000
0.970,0.000,0.000,0.000,0.000,0.030,0.000
0.003,0.000,0.000,0.000,0.000,0.692,0.306
0.001,0.000,0.000,0.000,0.000,0.998,0.001
0.036,0.000,0.000,0.000,0.000,0.964,0.000
0.018,0.000,0.000,0.000,0.000,0.982,0.000
0.000,0.636,0.000,0.000,0.000,0.008,0.355
0.000,0.000,0.000,0.000,0.000,0.077,0.922
0.020,0.000,0.000,0.000,0.000,0.980,0.000
0.000,0.999,0.000,0.000,0.000,0.000,0.000
0.000,0.391,0.000,0.000,0.000,0.014,0.595
0.048,0.000,0.000,0.000,0.000,0.952,0.000
0.000,0.000,0.000,0.000,0.000,0.025,0.975
0.001,0.002,0.000,0.000,0.000,0.994,0.004
0.000,0.000,0.000,0.000,0.000,0.094,0.906
0.007,0.000,0.000,0.000,0.000,0.845,0.148
0.004,0.000,0.000,0.000,0.000,0.980,0.016
0.003,0.000,0.000,0.000,0.000,0.912,0.085
0.000,0.000,0.000,0.000,0.000,0.035,0.965
0.003,0.000,0.000,0.000,0.000,0.997,0.000
0.413,0.000,0.000,0.000,0.000,0.587,0.000
0.000,0.000,0.000,0.000,0.000,0.040,0.960
0.002,0.000,0.000,0.000,0.000,0.975,0.023
0.003,0.000,0.000,0.000,0.000,0.997,0.000
0.000,0.000,0.000,0.000,0.000,0.033,0.967
0.000,0.000,0.000,0.000,0.000,0.044,0.956
0.015,0.000,0.000,0.000,0.000,0.985,0.000
0.003,0.000,0.000,0.000,0.000,0.997,0.000
0.009,0.000,0.000,0.000,0.000,0.934,0.057
0.105,0.000,0.000,0.000,0.000,0.895,0.000
0.608,0.000,0.000,0.000,0.000,0.392,0.000
0.088,0.000,0.000,0.000,0.000,0.912,0.000
0.072,0.000,0.000,0.000,0.000,0.928,0.000
0.003,0.000,0.000,0.000,0.000,0.997,0.000
0.615,0.000,0.000,0.000,0.000,0.385,0.000
0.942,0.000,0.000,0.000,0.000,0.058,0.000
0.451,0.000,0.000,0.000,0.000,0.549,0.000
0.550,0.000,0.000,0.000,0.000,0.450,0.000
0.713,0.000,0.000,0.000,0.000,0.287,0.000
0.992,0.000,0.000,0.000,0.000,0.008,0.000
0.937,0.000,0.000,0.000,0.000,0.063,0.000
0.914,0.000,0.000,0.000,0.000,0.086,0.000
0.002,0.000,0.000,0.000,0.000,0.998,0.000
1.000,0.000,0.000,0.000,0.000,0.000,0.000
1.000,0.000,0.000,0.000,0.000,0.000,0.000
0.041,0.000,0.000,0.000,0.000,0.959,0.000
0.000,0.000,0.000,0.000,1.000,0.000,0.000
0.000,0.000,0.000,0.000,1.000,0.000,0.000
1.000,0.000,0.000,0.000,0.000,0.000,0.000
1.000,0.000,0.000,0.000,0.000,0.000,0.000
1.000,0.000,0.000,0.000,0.000,0.000,0.000
1.000,0.000,0.000,0.000,0.000,0.000,0.000
1.000,0.000,0.000,0.000,0.000,0.000,0.000
1.000,0.000,0.000,0.000,0.000,0.000,0.000
0.000,0.000,0.000,0.000,0.000,0.342,0.657
0.000,0.000,0.000,0.000,1.000,0.000,0.000
0.000,0.000,0.000,0.000,1.000,0.000,0.000
0.000,0.000,0.000,0.000,1.000,0.000,0.000
0.014,0.000,0.000,0.000,0.000,0.986,0.000
0.014,0.000,0.000,0.000,0.000,0.986,0.000
1.000,0.000,0.000,0.000,0.000,0.000,0.000
1.000,0.000,0.000,0.000,0.000,0.000,0.000
0.031,0.000,0.000,0.000,0.000,0.969,0.000
0.031,0.000,0.000,0.000,0.000,0.969,0.000
0.001,0.000,0.000,0.000,0.000,0.999,0.000
0.001,0.001,0.000,0.000,0.000,0.999,0.000
0.093,0.000,0.000,0.000,0.000,0.907,0.000
0.023,0.000,0.000,0.000,0.000,0.977,0.000
0.001,0.000,0.000,0.000,0.000,0.999,0.000
0.932,0.000,0.000,0.000,0.000,0.068,0.000
1.000,0.000,0.000,0.000,0.000,0.000,0.000
0.995,0.000,0.000,0.000,0.000,0.005,0.000
0.877,0.000,0.000,0.000,0.000,0.123,0.000
0.002,0.000,0.000,0.000,0.000,0.998,0.000
0.043,0.000,0.000,0.000,0.000,0.957,0.000
0.001,0.000,0.000,0.000,0.000,0.999,0.000
0.001,0.000,0.000,0.000,0.000,0.999,0.000
0.003,0.000,0.000,0.000,0.000,0.997,0.000
0.001,0.000,0.000,0.000,0.000,0.999,0.000
0.002,0.000,0.000,0.000,0.000,0.998,0.000
0.880,0.000,0.000,0.000,0.000,0.120,0.000
0.001,0.001,0.000,0.000,0.000,0.995,0.003
0.004,0.000,0.000,0.000,0.000,0.986,0.010
1.000,0.000,0.000,0.000,0.000,0.000,0.000
0.002,0.000,0.000,0.000,0.000,0.825,0.173
1.000,0.000,0.000,0.000,0.000,0.000,0.000
0.908,0.000,0.000,0.000,0.000,0.092,0.000
1.000,0.000,0.000,0.000,0.000,0.000,0.000
1.000,0.000,0.000,0.000,0.000,0.000,0.000
1.000,0.000,0.000,0.000,0.000,0.000,0.000
0.000,0.000,0.000,0.000,1.000,0.000,0.000
1.000,0.000,0.000,0.000,0.000,0.000,0.000
0.292,0.000,0.000,0.000,0.000,0.708,0.000
0.018,0.000,0.000,0.000,0.000,0.982,0.000
1.000,0.000,0.000,0.000,0.000,0.000,0.000
0.000,0.000,0.000,0.000,1.000,0.000,0.000
0.000,0.000,0.984,0.016,0.000,0.000,0.000
0.000,0.000,0.988,0.012,0.000,0.000,0.000
0.000,0.001,0.999,0.000,0.000,0.000,0.000
0.000,0.000,0.996,0.004,0.000,0.000,0.000
0.000,0.000,0.999,0.001,0.000,0.000,0.000
0.000,0.003,0.997,0.000,0.000,0.000,0.000
0.000,0.000,1.000,0.000,0.000,0.000,0.000
0.000,0.001,0.993,0.000,0.000,0.007,0.000
0.000,0.695,0.023,0.000,0.000,0.281,0.000
0.000,0.180,0.000,0.000,0.000,0.820,0.000
0.000,0.156,0.000,0.000,0.000,0.843,0.000
0.000,0.349,0.004,0.000,0.000,0.646,0.000
0.000,0.125,0.000,0.000,0.000,0.874,0.000
0.000,0.146,0.000,0.000,0.000,0.854,0.000
0.001,0.000,0.000,0.000,0.000,0.999,0.000
0.000,0.037,0.002,0.000,0.000,0.961,0.000
0.001,0.001,0.000,0.000,0.000,0.999,0.000
0.000,0.000,0.000,0.000,0.000,1.000,0.000
0.001,0.000,0.000,0.000,0.000,0.999,0.000
0.000,0.002,0.000,0.000,0.000,0.998,0.000
0.000,0.010,0.000,0.000,0.000,0.989,0.000
0.003,0.000,0.000,0.000,0.000,0.997,0.000
0.002,0.000,0.000,0.000,0.000,0.998,0.000
0.001,0.000,0.000,0.000,0.000,0.999,0.000
0.004,0.000,0.000,0.000,0.000,0.996,0.000
0.025,0.000,0.000,0.000,0.000,0.975,0.000
1.000,0.000,0.000,0.000,0.000,0.000,0.000
1.000,0.000,0.000,0.000,0.000,0.000,0.000
0.991,0.000,0.000,0.000,0.000,0.009,0.000
1.000,0.000,0.000,0.000,0.000,0.000,0.000
1.000,0.000,0.000,0.000,0.000,0.000,0.000
0.974,0.000,0.000,0.000,0.000,0.026,0.000
0.000,0.000,0.041,0.000,0.000,0.959,0.000
0.000,0.000,0.255,0.000,0.000,0.745,0.000
0.000,0.000,1.000,0.000,0.000,0.000,0.000
0.000,0.000,1.000,0.000,0.000,0.000,0.000
0.000,0.000,0.999,0.000,0.000,0.001,0.000
0.000,0.000,0.982,0.000,0.000,0.018,0.000
0.000,0.000,0.984,0.016,0.000,0.000,0.000
0.000,0.000,0.906,0.094,0.000,0.000,0.000
0.000,0.000,0.999,0.001,0.000,0.000,0.000
0.000,0.000,0.999,0.001,0.000,0.000,0.000
0.000,0.000,0.996,0.004,0.000,0.000,0.000
0.000,0.000,0.989,0.011,0.000,0.000,0.000
0.000,0.535,0.465,0.000,0.000,0.000,0.000
0.000,0.000,0.970,0.030,0.000,0.000,0.000
0.000,0.000,0.093,0.906,0.000,0.000,0.000
1.000,0.000,0.000,0.000,0.000,0.000,0.000
0.000,0.000,0.997,0.003,0.000,0.000,0.000
0.000,0.285,0.597,0.000,0.000,0.117,0.000
0.000,0.000,0.994,0.006,0.000,0.000,0.000
0.000,0.000,0.000,0.000,0.000,1.000,0.000
0.998,0.000,0.000,0.000,0.000,0.002,0.000
0.004,0.000,0.000,0.000,0.000,0.996,0.000
0.000,0.840,0.004,0.000,0.000,0.156,0.000
0.000,0.840,0.004,0.000,0.000,0.156,0.000
0.001,0.766,0.012,0.000,0.000,0.220,0.000
0.000,0.000,1.000,0.000,0.000,0.000,0.000
0.000,0.000,0.997,0.000,0.000,0.002,0.000
0.000,0.000,0.999,0.001,0.000,0.000,0.000
0.000,0.860,0.121,0.000,0.000,0.018,0.000
0.000,0.000,0.002,0.000,0.000,0.997,0.000
0.000,0.000,0.000,0.000,0.000,1.000,0.000
0.000,0.000,0.303,0.697,0.000,0.000,0.000
0.000,0.000,0.986,0.014,0.000,0.000,0.000
0.000,0.000,0.009,0.991,0.000,0.000,0.000
0.000,0.000,0.004,0.996,0.000,0.000,0.000
0.000,0.000,0.530,0.470,0.000,0.000,0.000
0.000,0.000,0.722,0.278,0.000,0.000,0.000
0.000,0.000,0.000,0.361,0.639,0.000,0.000
0.000,0.000,0.004,0.995,0.000,0.000,0.000
0.000,0.000,0.338,0.662,0.000,0.000,0.000
0.000,0.000,0.000,0.813,0.187,0.000,0.000
0.000,0.000,0.009,0.991,0.000,0.000,0.000
0.000,0.000,0.771,0.229,0.000,0.000,0.000
0.000,0.000,0.002,0.996,0.002,0.000,0.000
0.000,0.000,0.000,0.003,0.997,0.000,0.000
0.000,0.000,0.000,0.000,1.000,0.000,0.000
0.000,0.000,0.002,0.998,0.001,0.000,0.000
0.000,0.000,0.000,0.001,0.999,0.000,0.000
0.000,0.000,0.000,0.307,0.693,0.000,0.000
0.000,0.000,0.000,0.975,0.025,0.000,0.000
0.000,0.000,0.000,0.233,0.767,0.000,0.000
0.000,0.000,0.000,0.842,0.158,0.000,0.000
0.000,0.000,0.000,0.872,0.128,0.000,0.000
0.000,0.000,0.000,0.607,0.393,0.000,0.000
0.000,0.000,0.090,0.910,0.000,0.000,0.000
0.000,0.000,0.003,0.995,0.002,0.000,0.000
0.000,0.000,0.079,0.921,0.001,0.000,0.000
0.000,0.000,0.000,0.820,0.180,0.000,0.000
0.000,0.000,0.000,0.004,0.996,0.000,0.000
0.000,0.000,0.999,0.001,0.000,0.000,0.000
0.000,0.000,0.166,0.834,0.000,0.000,0.000
0.000,0.000,0.993,0.007,0.000,0.000,0.000
0.000,0.000,0.003,0.995,0.003,0.000,0.000
0.000,0.000,0.061,0.939,0.000,0.000,0.000
0.000,0.000,0.093,0.907,0.000,0.000,0.000
0.000,0.000,0.093,0.907,0.000,0.000,0.000
0.000,0.000,0.039,0.960,0.000,0.000,0.000
0.000,0.000,0.001,0.992,0.007,0.000,0.000
0.000,0.000,0.001,0.992,0.007,0.000,0.000
0.000,0.000,0.000,0.851,0.149,0.000,0.000
0.000,0.000,0.002,0.995,0.004,0.000,0.000
0.000,0.000,0.626,0.374,0.000,0.000,0.000
0.000,0.000,0.626,0.374,0.000,0.000,0.000
0.000,0.000,0.999,0.001,0.000,0.000,0.000
0.000,0.000,0.999,0.001,0.000,0.000,0.000
0.000,0.000,0.997,0.003,0.000,0.000,0.000
0.000,0.000,0.070,0.930,0.000,0.000,0.000
0.000,0.000,0.964,0.036,0.000,0.000,0.000
0.000,0.000,1.000,0.000,0.000,0.000,0.000
0.000,0.000,1.000,0.000,0.000,0.000,0.000
0.000,0.000,1.000,0.000,0.000,0.000,0.000
0.000,0.000,1.000,0.000,0.000,0.000,0.000
0.000,0.000,1.000,0.000,0.000,0.000,0.000
0.000,0.000,1.000,0.000,0.000,0.000,0.000
0.000,0.000,1.000,0.000,0.000,0.000,0.000
0.000,0.000,0.999,0.000,0.000,0.001,0.000
0.000,0.001,0.999,0.000,0.000,0.000,0.000
0.000,0.005,0.995,0.000,0.000,0.000,0.000
0.000,0.110,0.890,0.000,0.000,0.000,0.000
0.000,0.111,0.889,0.000,0.000,0.000,0.000
0.000,0.111,0.889,0.000,0.000,0.000,0.000
0.000,0.000,1.000,0.000,0.000,0.000,0.000
0.000,0.000,1.000,0.000,0.000,0.000,0.000
0.000,0.000,0.987,0.013,0.000,0.000,0.000
0.000,0.000,0.981,0.019,0.000,0.000,0.000
0.000,0.000,0.984,0.016,0.000,0.000,0.000
0.000,0.000,1.000,0.000,0.000,0.000,0.000
0.000,0.024,0.976,0.000,0.000,0.000,0.000
0.000,0.718,0.192,0.000,0.000,0.090,0.000
0.000,0.554,0.427,0.000,0.000,0.019,0.000
0.000,0.000,1.000,0.000,0.000,0.000,0.000
0.000,0.000,0.997,0.000,0.000,0.003,0.000
0.000,0.010,0.964,0.000,0.000,0.026,0.000
0.000,0.000,1.000,0.000,0.000,0.000,0.000
0.000,0.000,1.000,0.000,0.000,0.000,0.000
0.000,0.000,0.108,0.000,0.000,0.892,0.000
0.000,0.000,1.000,0.000,0.000,0.000,0.000
0.000,0.000,1.000,0.000,0.000,0.000,0.000
0.000,0.000,1.000,0.000,0.000,0.000,0.000
0.000,0.000,0.956,0.000,0.000,0.044,0.000
0.000,0.000,1.000,0.000,0.000,0.000,0.000
0.000,0.000,0.526,0.000,0.000,0.474,0.000
0.000,0.000,0.978,0.000,0.000,0.022,0.000
0.000,0.000,0.834,0.000,0.000,0.166,0.000
0.000,0.000,0.997,0.000,0.000,0.003,0.000
0.000,0.000,0.781,0.000,0.000,0.219,0.000
0.000,0.000,0.985,0.000,0.000,0.015,0.000
0.000,0.000,0.746,0.000,0.000,0.254,0.000
0.000,0.000,0.012,0.000,0.000,0.988,0.000
0.000,0.000,0.000,0.000,0.000,1.000,0.000
0.000,0.000,0.000,0.000,0.000,1.000,0.000
0.000,0.000,0.000,0.000,0.000,1.000,0.000
0.000,0.000,0.000,0.000,0.000,1.000,0.000
0.004,0.000,0.000,0.000,0.000,0.996,0.000
0.000,0.000,0.820,0.000,0.000,0.180,0.000
0.002,0.000,0.000,0.000,0.000,0.998,0.000
0.321,0.000,0.000,0.000,0.000,0.679,0.000
0.963,0.000,0.000,0.000,0.000,0.037,0.000
0.999,0.000,0.000,0.000,0.000,0.001,0.000
