0.000,0.538,0.462,0.000,0.000,0.000,0.000
0.000,0.684,0.316,0.000,0.000,0.000,0.000
0.000,0.999,0.000,0.000,0.000,0.000,0.000
0.000,0.999,0.001,0.000,0.000,0.000,0.000
0.000,0.999,0.001,0.000,0.000,0.000,0.000
0.000,0.998,0.002,0.000,0.000,0.000,0.000
0.000,0.999,0.001,0.000,0.000,0.000,0.000
0.000,0.769,0.231,0.000,0.000,0.000,0.000
0.000,0.861,0.139,0.000,0.000,0.000,0.000
0.000,0.000,0.733,0.267,0.000,0.000,0.000
0.000,0.997,0.003,0.000,0.000,0.000,0.000
0.000,0.386,0.614,0.000,0.000,0.000,0.000
0.000,0.999,0.000,0.000,0.000,0.001,0.000
0.000,0.999,0.001,0.000,0.000,0.000,0.000
0.000,0.998,0.002,0.000,0.000,0.000,0.000
0.000,0.450,0.550,0.000,0.000,0.000,0.000
0.000,0.759,0.241,0.000,0.000,0.000,0.000
0.000,0.995,0.005,0.000,0.000,0.000,0.000
0.000,0.999,0.001,0.000,0.000,0.000,0.000
0.000,0.979,0.021,0.000,0.000,0.000,0.000
0.000,0.987,0.013,0.000,0.000,0.000,0.000
0.000,0.009,0.991,0.000,0.000,0.000,0.000
0.000,0.996,0.004,0.000,0.000,0.000,0.000
0.000,0.998,0.002,0.000,0.000,0.000,0.000
0.000,0.999,0.001,0.000,0.000,0.000,0.000
0.000,0.986,0.014,0.000,0.000,0.000,0.000
0.000,0.999,0.001,0.000,0.000,0.000,0.000
0.000,0.999,0.001,0.000,0.000,0.000,0.000
0.000,0.999,0.001,0.000,0.000,0.000,0.000
0.000,0.998,0.002,0.000,0.000,0.000,0.000
0.000,0.923,0.077,0.000,0.000,0.000,0.000
0.000,0.954,0.046,0.000,0.000,0.000,0.000
0.000,0.923,0.077,0.000,0.000,0.000,0.000
0.000,0.999,0.001,0.000,0.000,0.000,0.000
0.000,0.999,0.001,0.000,0.000,0.000,0.000
0.000,0.532,0.000,0.000,0.000,0.023,0.444
0.000,0.991,0.009,0.000,0.000,0.000,0.000
0.000,0.991,0.009,0.000,0.000,0.000,0.000
0.000,0.999,0.001,0.000,0.000,0.000,0.000
0.000,0.999,0.001,0.000,0.000,0.000,0.000
0.000,0.999,0.001,0.000,0.000,0.000,0.000
0.000,0.987,0.013,0.000,0.000,0.000,0.000
0.000,0.999,0.000,0.000,0.000,0.000,0.000
0.000,0.999,0.000,0.000,0.000,0.001,0.000
0.000,0.894,0.106,0.000,0.000,0.000,0.000
0.000,0.999,0.000,0.000,0.000,0.001,0.000
0.000,0.999,0.000,0.000,0.000,0.000,0.000
0.000,0.077,0.923,0.000,0.000,0.000,0.000
0.000,0.611,0.389,0.000,0.000,0.000,0.000
0.000,0.688,0.312,0.000,0.000,0.000,0.000
0.000,0.495,0.505,0.000,0.000,0.000,0.000
0.000,0.002,0.987,0.000,0.000,0.011,0.000
0.000,0.000,0.237,0.000,0.000,0.762,0.000
0.001,0.000,0.000,0.000,0.000,0.999,0.000
0.001,0.000,0.000,0.000,0.000,0.999,0.000
0.002,0.000,0.000,0.000,0.000,0.998,0.000
0.001,0.000,0.000,0.000,0.000,0.999,0.000
0.000,0.000,0.000,0.000,0.000,1.000,0.000
0.000,0.000,0.391,0.000,0.000,0.608,0.000
0.001,0.000,0.000,0.000,0.000,0.999,0.000
0.001,0.000,0.005,0.000,0.000,0.995,0.000
0.000,0.000,0.442,0.000,0.000,0.557,0.000
0.000,0.001,0.603,0.000,0.000,0.396,0.000
0.000,0.000,0.001,0.000,0.000,0.999,0.000
0.000,0.000,0.003,0.000,0.000,0.997,0.000
0.001,0.000,0.000,0.000,0.000,0.999,0.000
0.000,0.000,0.999,0.001,0.000,0.000,0.000
0.000,0.000,0.949,0.000,0.000,0.051,0.000
0.001,0.000,0.000,0.000,0.000,0.999,0.000
0.000,0.000,0.000,0.000,0.000,1.000,0.000
0.000,0.000,0.913,0.000,0.000,0.087,0.000
0.000,0.000,0.961,0.000,0.000,0.039,0.000
0.000,0.000,1.000,0.000,0.000,0.000,0.000
0.000,0.000,1.000,0.000,0.000,0.000,0.000
0.000,0.000,0.000,0.000,0.000,0.999,0.000
0.000,0.000,1.000,0.000,0.000,0.000,0.000
0.000,0.000,0.000,0.000,0.000,0.999,0.000
0.000,0.000,0.000,0.000,0.000,0.999,0.000
0.000,0.000,0.000,0.000,0.000,1.000,0.000
0.000,0.000,0.000,0.000,0.000,1.000,0.000
0.000,0.000,0.846,0.000,0.000,0.154,0.000
0.000,0.000,0.000,0.000,0.000,0.999,0.000
0.000,0.000,0.001,0.000,0.000,0.998,0.000
0.001,0.000,0.000,0.000,0.000,0.999,0.000
0.000,0.000,0.383,0.000,0.000,0.616,0.000
0.001,0.000,0.000,0.000,0.000,0.999,0.000
0.001,0.000,0.000,0.000,0.000,0.999,0.000
0.000,0.000,1.000,0.000,0.000,0.000,0.000
0.001,0.000,0.000,0.000,0.000,0.999,0.000
0.000,0.000,1.000,0.000,0.000,0.000,0.000
0.000,0.000,0.320,0.000,0.000,0.680,0.000
0.000,0.000,0.000,0.000,0.000,0.999,0.000
0.000,0.000,0.081,0.000,0.000,0.919,0.000
0.001,0.000,0.003,0.000,0.000,0.997,0.000
0.000,0.000,0.188,0.000,0.000,0.812,0.000
0.000,0.000,0.014,0.000,0.000,0.986,0.000
0.000,0.000,0.000,0.000,0.000,1.000,0.000
0.000,0.000,0.004,0.000,0.000,0.996,0.000
0.000,0.000,0.000,0.000,0.000,1.000,0.000
0.000,0.000,0.000,0.000,0.000,1.000,0.000
0.001,0.000,0.011,0.000,0.000,0.989,0.000
0.000,0.000,0.000,0.000,0.000,1.000,0.000
0.002,0.000,0.000,0.000,0.000,0.998,0.000
0.007,0.000,0.000,0.000,0.000,0.993,0.000
0.951,0.000,0.000,0.000,0.000,0.049,0.000
0.000,0.186,0.000,0.000,0.000,0.814,0.000
0.000,0.645,0.000,0.000,0.000,0.355,0.000
0.000,0.028,0.000,0.000,0.000,0.971,0.000
0.000,0.749,0.000,0.000,0.000,0.250,0.000
0.000,0.500,0.000,0.000,0.000,0.500,0.000
0.002,0.000,0.000,0.000,0.000,0.998,0.000
0.002,0.000,0.000,0.000,0.000,0.998,0.000
0.000,0.052,0.000,0.000,0.000,0.948,0.000
0.002,0.000,0.000,0.000,0.000,0.998,0.000
0.001,0.000,0.000,0.000,0.000,0.999,0.000
0.000,0.001,0.000,0.000,0.000,0.998,0.000
0.000,0.584,0.000,0.000,0.000,0.416,0.000
0.001,0.000,0.000,0.000,0.000,0.999,0.000
0.001,0.000,0.000,0.000,0.000,0.999,0.000
0.001,0.000,0.000,0.000,0.000,0.999,0.000
0.001,0.000,0.000,0.000,0.000,0.999,0.000
0.001,0.000,0.000,0.000,0.000,0.999,0.000
0.000,0.186,0.000,0.000,0.000,0.813,0.000
0.000,0.979,0.000,0.000,0.000,0.021,0.000
0.001,0.176,0.000,0.000,0.000,0.722,0.102
0.001,0.095,0.000,0.000,0.000,0.888,0.017
0.001,0.130,0.000,0.000,0.000,0.820,0.049
0.001,0.008,0.000,0.000,0.000,0.479,0.512
0.001,0.245,0.000,0.000,0.000,0.701,0.054
0.000,0.861,0.000,0.000,0.000,0.129,0.009
0.001,0.000,0.000,0.000,0.000,0.426,0.574
0.000,0.989,0.000,0.000,0.000,0.011,0.000
0.001,0.000,0.000,0.000,0.000,0.450,0.549
0.001,0.000,0.000,0.000,0.000,0.480,0.519
0.001,0.039,0.000,0.000,0.000,0.736,0.224
0.000,0.002,0.000,0.000,0.000,0.386,0.611
0.001,0.201,0.000,0.000,0.000,0.513,0.285
0.000,0.804,0.000,0.000,0.000,0.194,0.002
0.000,0.922,0.000,0.000,0.000,0.068,0.009
0.001,0.010,0.000,0.000,0.000,0.972,0.017
0.001,0.013,0.000,0.000,0.000,0.971,0.015
0.000,0.893,0.000,0.000,0.000,0.107,0.000
0.000,0.993,0.000,0.000,0.000,0.007,0.000
0.000,0.994,0.000,0.000,0.000,0.006,0.000
0.000,0.968,0.000,0.000,0.000,0.031,0.001
0.000,0.955,0.000,0.000,0.000,0.044,0.001
0.000,0.858,0.000,0.000,0.000,0.138,0.004
0.001,0.034,0.000,0.000,0.000,0.930,0.035
0.001,0.069,0.000,0.000,0.000,0.917,0.014
0.001,0.318,0.000,0.000,0.000,0.667,0.014
0.000,0.000,0.000,0.000,0.000,0.110,0.890
0.001,0.000,0.000,0.000,0.000,0.142,0.857
0.001,0.000,0.000,0.000,0.000,0.071,0.929
0.000,0.011,0.000,0.000,0.000,0.014,0.975
0.000,0.217,0.000,0.000,0.000,0.012,0.770
0.000,0.000,0.000,0.000,0.000,0.009,0.991
0.000,0.000,0.000,0.000,0.000,0.010,0.990
0.000,0.002,0.000,0.000,0.000,0.004,0.994
0.000,0.437,0.000,0.000,0.000,0.013,0.550
0.000,0.000,0.000,0.000,0.000,0.012,0.987
0.000,0.118,0.000,0.000,0.000,0.009,0.874
0.000,0.984,0.013,0.000,0.000,0.003,0.000
0.000,0.117,0.000,0.000,0.000,0.010,0.873
0.001,0.000,0.000,0.000,0.000,0.067,0.933
0.000,0.531,0.000,0.000,0.000,0.013,0.455
0.000,0.002,0.000,0.000,0.000,0.004,0.994
0.000,0.235,0.000,0.000,0.000,0.012,0.753
0.000,0.259,0.000,0.000,0.000,0.011,0.729
0.000,0.883,0.000,0.000,0.000,0.010,0.108
0.000,0.899,0.000,0.000,0.000,0.009,0.092
0.000,0.818,0.000,0.000,0.000,0.011,0.171
0.000,0.915,0.000,0.000,0.000,0.009,0.076
0.000,0.982,0.000,0.000,0.000,0.005,0.013
0.000,0.987,0.000,0.000,0.000,0.005,0.008
0.000,0.943,0.000,0.000,0.000,0.008,0.049
0.000,0.259,0.000,0.000,0.000,0.011,0.729
0.000,0.988,0.000,0.000,0.000,0.008,0.004
0.000,0.964,0.000,0.000,0.000,0.032,0.003
0.000,0.990,0.000,0.000,0.000,0.007,0.002
0.000,0.984,0.000,0.000,0.000,0.006,0.010
0.000,0.905,0.000,0.000,0.000,0.012,0.082
0.000,0.993,0.000,0.000,0.000,0.004,0.003
0.000,0.991,0.000,0.000,0.000,0.004,0.005
0.000,0.998,0.000,0.000,0.000,0.002,0.000
0.000,0.998,0.000,0.000,0.000,0.001,0.000
0.000,0.998,0.000,0.000,0.000,0.001,0.000
0.000,0.998,0.001,0.000,0.000,0.001,0.000
0.000,0.997,0.002,0.000,0.000,0.001,0.000
0.000,0.998,0.000,0.000,0.000,0.002,0.000
0.000,0.998,0.001,0.000,0.000,0.001,0.000
0.000,0.997,0.002,0.000,0.000,0.001,0.000
0.000,0.998,0.001,0.000,0.000,0.001,0.000
0.000,0.999,0.000,0.000,0.000,0.001,0.000
0.000,0.998,0.000,0.000,0.000,0.001,0.000
0.000,0.998,0.000,0.000,0.000,0.001,0.000
0.000,0.998,0.000,0.000,0.000,0.002,0.000
0.000,0.998,0.001,0.000,0.000,0.001,0.000
0.000,0.999,0.000,0.000,0.000,0.001,0.000
0.000,0.998,0.002,0.000,0.000,0.000,0.000
0.000,0.999,0.000,0.000,0.000,0.001,0.000
0.000,0.999,0.000,0.000,0.000,0.000,0.000
0.000,0.999,0.000,0.000,0.000,0.000,0.000
0.000,0.999,0.000,0.000,0.000,0.000,0.000
0.000,0.999,0.000,0.000,0.000,0.000,0.000
0.000,0.999,0.001,0.000,0.000,0.000,0.000
0.000,0.999,0.000,0.000,0.000,0.000,0.000
0.000,0.999,0.000,0.000,0.000,0.000,0.000
0.000,0.999,0.000,0.000,0.000,0.001,0.000
0.000,0.997,0.000,0.000,0.000,0.001,0.001
0.000,0.993,0.000,0.000,0.000,0.002,0.005
0.000,0.942,0.000,0.000,0.000,0.007,0.051
0.000,0.559,0.441,0.000,0.000,0.000,0.000
0.000,0.999,0.000,0.000,0.000,0.000,0.000
0.000,0.671,0.329,0.000,0.000,0.000,0.000
0.000,0.977,0.023,0.000,0.000,0.000,0.000
0.000,0.995,0.000,0.000,0.000,0.005,0.000
0.000,0.997,0.000,0.000,0.000,0.003,0.000
0.000,0.986,0.000,0.000,0.000,0.014,0.000
0.000,0.994,0.000,0.000,0.000,0.006,0.000
0.000,0.999,0.000,0.000,0.000,0.000,0.000
0.000,0.996,0.000,0.000,0.000,0.004,0.000
0.000,0.995,0.000,0.000,0.000,0.005,0.000
0.000,0.997,0.000,0.000,0.000,0.003,0.000
0.000,0.997,0.000,0.000,0.000,0.003,0.000
0.000,0.404,0.000,0.000,0.000,0.508,0.088
0.000,0.997,0.000,0.000,0.000,0.003,0.000
0.000,0.996,0.000,0.000,0.000,0.004,0.000
0.000,0.000,0.000,0.000,1.000,0.000,0.000
0.000,0.995,0.000,0.000,0.000,0.005,0.000
0.000,0.996,0.000,0.000,0.000,0.004,0.000
0.000,0.999,0.000,0.000,0.000,0.001,0.000
0.000,0.992,0.000,0.000,0.000,0.008,0.000
0.001,0.002,0.000,0.000,0.000,0.976,0.021
0.001,0.002,0.000,0.000,0.000,0.975,0.022
0.000,0.996,0.000,0.000,0.000,0.004,0.000
0.000,0.993,0.000,0.000,0.000,0.007,0.000
0.001,0.005,0.000,0.000,0.000,0.949,0.045
0.001,0.228,0.000,0.000,0.000,0.771,0.001
0.001,0.295,0.000,0.000,0.000,0.704,0.001
0.000,0.039,0.000,0.000,0.000,0.006,0.954
0.000,0.011,0.000,0.000,0.000,0.066,0.923
0.003,0.003,0.000,0.000,0.000,0.995,0.000
0.000,0.000,0.000,0.000,0.000,1.000,0.000
0.000,0.000,0.000,0.000,0.000,1.000,0.000
0.000,0.000,0.000,0.000,0.000,1.000,0.000
0.000,0.000,0.006,0.000,0.000,0.994,0.000
0.000,0.000,0.000,0.000,0.000,1.000,0.000
0.000,0.000,0.044,0.000,0.000,0.956,0.000
0.000,0.000,0.006,0.000,0.000,0.994,0.000
0.000,0.000,0.000,0.000,0.000,1.000,0.000
0.000,0.000,0.000,0.000,0.000,1.000,0.000
0.000,0.000,0.447,0.000,0.000,0.553,0.000
0.000,0.000,0.000,0.000,0.000,1.000,0.000
0.000,0.000,0.000,0.000,0.000,1.000,0.000
0.000,0.000,0.448,0.000,0.000,0.552,0.000
0.000,0.000,0.000,0.000,0.000,1.000,0.000
0.000,0.000,0.000,0.000,0.000,1.000,0.000
0.000,0.000,0.044,0.000,0.000,0.956,0.000
0.000,0.000,0.000,0.000,0.000,1.000,0.000
0.000,0.000,0.000,0.000,0.000,1.000,0.000
0.000,0.000,0.446,0.000,0.000,0.554,0.000
0.000,0.000,0.000,0.000,0.000,1.000,0.000
0.000,0.000,0.001,0.000,0.000,0.999,0.000
0.000,0.000,0.519,0.000,0.000,0.481,0.000
0.000,0.000,0.001,0.000,0.000,0.999,0.000
0.000,0.000,0.001,0.000,0.000,0.999,0.000
0.000,0.000,0.657,0.000,0.000,0.343,0.000
0.000,0.000,0.816,0.000,0.000,0.184,0.000
0.000,0.000,0.000,0.000,0.000,1.000,0.000
0.000,0.000,0.129,0.000,0.000,0.871,0.000
0.000,0.000,0.209,0.000,0.000,0.791,0.000
0.000,0.000,0.451,0.000,0.000,0.549,0.000
0.000,0.000,0.770,0.000,0.000,0.230,0.000
0.000,0.000,0.001,0.000,0.000,0.999,0.000
0.000,0.000,0.000,0.000,0.000,1.000,0.000
0.000,0.000,0.981,0.000,0.000,0.019,0.000
0.000,0.000,0.000,0.000,0.000,1.000,0.000
0.000,0.000,0.000,0.000,0.000,1.000,0.000
0.000,0.000,0.989,0.000,0.000,0.011,0.000
0.000,0.000,0.001,0.000,0.000,0.999,0.000
0.000,0.000,0.000,0.000,0.000,1.000,0.000
0.000,0.000,0.986,0.000,0.000,0.014,0.000
0.000,0.000,0.000,0.000,0.000,1.000,0.000
0.000,0.000,0.004,0.000,0.000,0.996,0.000
0.000,0.000,0.986,0.000,0.000,0.014,0.000
0.000,0.000,0.000,0.000,0.000,1.000,0.000
0.000,0.000,0.000,0.000,0.000,1.000,0.000
0.000,0.000,0.968,0.000,0.000,0.032,0.000
0.000,0.000,0.000,0.000,0.000,1.000,0.000
0.000,0.000,0.000,0.000,0.000,1.000,0.000
0.000,0.000,0.002,0.000,0.000,0.998,0.000
0.000,0.000,0.003,0.000,0.000,0.997,0.000
0.000,0.000,0.014,0.000,0.000,0.986,0.000
0.000,0.000,0.125,0.000,0.000,0.875,0.000
0.000,0.000,0.032,0.000,0.000,0.968,0.000
0.000,0.000,0.003,0.000,0.000,0.997,0.000
0.000,0.000,0.000,0.000,0.000,1.000,0.000
0.000,0.000,0.000,0.000,0.000,1.000,0.000
0.000,0.000,0.003,0.000,0.000,0.997,0.000
0.000,0.000,0.001,0.000,0.000,0.999,0.000
0.000,0.000,0.002,0.000,0.000,0.998,0.000
0.000,0.000,0.010,0.000,0.000,0.990,0.000
0.000,0.000,0.010,0.000,0.000,0.990,0.000
0.000,0.000,0.010,0.000,0.000,0.990,0.000
0.000,0.000,0.010,0.000,0.000,0.990,0.000
0.000,0.000,0.025,0.000,0.000,0.975,0.000
0.000,0.000,0.098,0.000,0.000,0.902,0.000
0.000,0.000,0.997,0.000,0.000,0.003,0.000
0.000,0.000,0.033,0.000,0.000,0.967,0.000
0.000,0.000,0.025,0.000,0.000,0.975,0.000
0.000,0.000,0.001,0.000,0.000,0.999,0.000
0.000,0.000,0.004,0.000,0.000,0.996,0.000
0.000,0.000,0.002,0.000,0.000,0.998,0.000
0.000,0.000,0.010,0.000,0.000,0.990,0.000
0.000,0.000,0.057,0.000,0.000,0.943,0.000
0.000,0.000,0.058,0.000,0.000,0.942,0.000
0.000,0.000,0.025,0.000,0.000,0.975,0.000
0.000,0.000,0.008,0.000,0.000,0.992,0.000
0.000,0.000,0.014,0.000,0.000,0.986,0.000
0.000,0.000,0.999,0.000,0.000,0.001,0.000
0.001,0.000,0.150,0.000,0.000,0.849,0.000
0.001,0.834,0.067,0.000,0.000,0.098,0.000
0.000,0.999,0.001,0.000,0.000,0.000,0.000
0.000,0.997,0.002,0.000,0.000,0.001,0.000
0.000,0.980,0.019,0.000,0.000,0.001,0.000
0.000,0.874,0.125,0.000,0.000,0.001,0.000
0.000,0.903,0.096,0.000,0.000,0.001,0.000
0.000,0.496,0.504,0.000,0.000,0.000,0.000
0.000,0.957,0.042,0.000,0.000,0.001,0.000
0.000,0.908,0.091,0.000,0.000,0.001,0.000
0.000,0.934,0.065,0.000,0.000,0.001,0.000
0.000,0.930,0.068,0.000,0.000,0.002,0.000
0.000,0.908,0.091,0.000,0.000,0.001,0.000
0.000,0.790,0.209,0.000,0.000,0.001,0.000
0.000,0.952,0.047,0.000,0.000,0.001,0.000
0.000,0.956,0.041,0.000,0.000,0.003,0.000
0.000,0.980,0.016,0.000,0.000,0.004,0.000
0.000,0.921,0.078,0.000,0.000,0.002,0.000
0.000,0.937,0.062,0.000,0.000,0.001,0.000
0.000,0.377,0.623,0.000,0.000,0.000,0.000
0.000,0.867,0.132,0.000,0.000,0.001,0.000
0.000,0.790,0.209,0.000,0.000,0.001,0.000
0.000,0.972,0.027,0.000,0.000,0.002,0.000
0.000,0.989,0.009,0.000,0.000,0.002,0.000
0.000,0.993,0.002,0.000,0.000,0.005,0.000
0.000,0.987,0.010,0.000,0.000,0.003,0.000
0.000,0.971,0.027,0.000,0.000,0.002,0.000
0.000,0.912,0.086,0.000,0.000,0.001,0.000
0.000,0.902,0.097,0.000,0.000,0.001,0.000
0.000,0.804,0.195,0.000,0.000,0.000,0.000
0.000,0.349,0.650,0.000,0.000,0.000,0.000
0.000,0.913,0.087,0.000,0.000,0.000,0.000
0.000,0.975,0.024,0.000,0.000,0.001,0.000
0.000,0.988,0.010,0.000,0.000,0.003,0.000
0.000,0.858,0.140,0.000,0.000,0.002,0.000
0.000,0.000,1.000,0.000,0.000,0.000,0.000
0.000,0.002,0.998,0.000,0.000,0.000,0.000
0.000,0.000,1.000,0.000,0.000,0.000,0.000
0.000,0.000,0.992,0.008,0.000,0.000,0.000
0.000,0.000,0.998,0.002,0.000,0.000,0.000
0.000,0.000,0.979,0.021,0.000,0.000,0.000
0.000,0.000,0.951,0.049,0.000,0.000,0.000
0.000,0.000,0.959,0.041,0.000,0.000,0.000
0.000,0.000,0.996,0.004,0.000,0.000,0.000
0.000,0.000,0.994,0.006,0.000,0.000,0.000
0.000,0.000,0.997,0.003,0.000,0.000,0.000
0.000,0.000,0.993,0.007,0.000,0.000,0.000
0.000,0.000,0.997,0.003,0.000,0.000,0.000
0.000,0.000,0.994,0.006,0.000,0.000,0.000
0.000,0.000,0.987,0.013,0.000,0.000,0.000
0.000,0.000,0.992,0.008,0.000,0.000,0.000
0.000,0.000,0.975,0.025,0.000,0.000,0.000
0.000,0.000,0.995,0.005,0.000,0.000,0.000
0.000,0.000,0.994,0.006,0.000,0.000,0.000
0.000,0.000,0.994,0.005,0.000,0.000,0.000
0.000,0.000,0.965,0.035,0.000,0.000,0.000
0.000,0.000,0.959,0.041,0.000,0.000,0.000
0.000,0.000,0.943,0.057,0.000,0.000,0.000
0.000,0.000,0.982,0.018,0.000,0.000,0.000
0.000,0.000,0.959,0.041,0.000,0.000,0.000
0.000,0.000,0.970,0.030,0.000,0.000,0.000
0.000,0.000,0.895,0.105,0.000,0.000,0.000
0.000,0.000,0.860,0.140,0.000,0.000,0.000
0.000,0.000,0.995,0.005,0.000,0.000,0.000
0.000,0.000,1.000,0.000,0.000,0.000,0.000
0.000,0.000,1.000,0.000,0.000,0.000,0.000
0.000,0.000,1.000,0.000,0.000,0.000,0.000
0.000,0.000,0.990,0.010,0.000,0.000,0.000
0.000,0.000,0.983,0.017,0.000,0.000,0.000
0.000,0.000,0.951,0.049,0.000,0.000,0.000
0.000,0.000,0.996,0.004,0.000,0.000,0.000
0.000,0.000,0.887,0.113,0.000,0.000,0.000
0.000,0.000,0.998,0.002,0.000,0.000,0.000
0.000,0.000,0.777,0.223,0.000,0.000,0.000
0.000,0.000,1.000,0.000,0.000,0.000,0.000
0.000,0.000,0.773,0.227,0.000,0.000,0.000
0.000,0.000,1.000,0.000,0.000,0.000,0.000
0.000,0.000,0.999,0.001,0.000,0.000,0.000
0.000,0.000,1.000,0.000,0.000,0.000,0.000
0.000,0.000,1.000,0.000,0.000,0.000,0.000
0.000,0.000,0.902,0.098,0.000,0.000,0.000
0.000,0.000,0.998,0.002,0.000,0.000,0.000
0.000,0.000,0.991,0.009,0.000,0.000,0.000
0.000,0.000,0.317,0.683,0.000,0.000,0.000
0.000,0.000,0.697,0.302,0.000,0.000,0.000
0.000,0.000,0.002,0.995,0.003,0.000,0.000
0.000,0.000,0.000,0.000,0.000,1.000,0.000
0.000,0.000,0.000,0.000,0.000,1.000,0.000
0.000,0.000,0.859,0.141,0.000,0.000,0.000
0.000,0.000,0.002,0.996,0.002,0.000,0.000
0.000,0.000,0.510,0.490,0.000,0.000,0.000
0.000,0.000,0.793,0.207,0.000,0.000,0.000
0.000,0.000,0.310,0.690,0.000,0.000,0.000
0.000,0.000,0.773,0.227,0.000,0.000,0.000
0.000,0.000,0.000,0.000,1.000,0.000,0.000
0.000,0.000,0.924,0.076,0.000,0.000,0.000
0.000,0.000,0.969,0.031,0.000,0.000,0.000
0.000,0.000,0.006,0.993,0.001,0.000,0.000
0.000,0.000,0.410,0.590,0.000,0.000,0.000
0.000,0.000,0.983,0.017,0.000,0.000,0.000
0.000,0.000,0.092,0.908,0.000,0.000,0.000
0.000,0.000,0.995,0.005,0.000,0.000,0.000
0.000,0.000,0.313,0.687,0.000,0.000,0.000
0.000,0.000,0.014,0.986,0.001,0.000,0.000
0.000,0.000,0.926,0.074,0.000,0.000,0.000
0.000,0.000,0.945,0.055,0.000,0.000,0.000
0.000,0.000,0.606,0.394,0.000,0.000,0.000
0.000,0.000,0.651,0.349,0.000,0.000,0.000
0.000,0.000,0.347,0.653,0.000,0.000,0.000
0.000,0.000,0.999,0.001,0.000,0.000,0.000
0.000,0.000,1.000,0.000,0.000,0.000,0.000
0.000,0.000,0.998,0.002,0.000,0.000,0.000
0.000,0.000,0.968,0.032,0.000,0.000,0.000
0.000,0.000,0.993,0.007,0.000,0.000,0.000
0.000,0.000,0.987,0.013,0.000,0.000,0.000
0.000,0.000,0.987,0.013,0.000,0.000,0.000
0.000,0.000,0.970,0.030,0.000,0.000,0.000
0.000,0.000,0.995,0.005,0.000,0.000,0.000
0.000,0.000,0.995,0.005,0.000,0.000,0.000
0.000,0.000,0.998,0.002,0.000,0.000,0.000
0.000,0.000,0.989,0.011,0.000,0.000,0.000
0.000,0.000,0.995,0.005,0.000,0.000,0.000
0.000,0.000,0.997,0.003,0.000,0.000,0.000
0.000,0.000,0.997,0.003,0.000,0.000,0.000
0.000,0.000,0.991,0.009,0.000,0.000,0.000
0.000,0.000,0.992,0.008,0.000,0.000,0.000
0.000,0.000,0.951,0.049,0.000,0.000,0.000
0.000,0.000,0.959,0.041,0.000,0.000,0.000
0.000,0.000,0.895,0.105,0.000,0.000,0.000
0.000,0.000,0.959,0.041,0.000,0.000,0.000
0.000,0.000,0.965,0.035,0.000,0.000,0.000
0.000,0.000,0.989,0.011,0.000,0.000,0.000
0.000,0.000,0.997,0.003,0.000,0.000,0.000
0.000,0.000,0.999,0.001,0.000,0.000,0.000
0.000,0.000,0.999,0.001,0.000,0.000,0.000
0.000,0.000,0.997,0.003,0.000,0.000,0.000
0.000,0.000,0.999,0.001,0.000,0.000,0.000
0.000,0.000,0.943,0.057,0.000,0.000,0.000
0.000,0.000,1.000,0.000,0.000,0.000,0.000
0.000,0.000,0.991,0.009,0.000,0.000,0.000
0.000,0.000,0.982,0.018,0.000,0.000,0.000
0.000,0.000,0.999,0.001,0.000,0.000,0.000
0.000,0.000,0.995,0.005,0.000,0.000,0.000
0.000,0.000,0.969,0.031,0.000,0.000,0.000
0.000,0.000,0.987,0.013,0.000,0.000,0.000
0.000,0.000,0.990,0.010,0.000,0.000,0.000
0.000,0.000,1.000,0.000,0.000,0.000,0.000
0.000,0.000,0.999,0.001,0.000,0.000,0.000
0.000,0.000,0.999,0.001,0.000,0.000,0.000
0.000,0.000,0.751,0.249,0.000,0.000,0.000
0.000,0.000,0.989,0.011,0.000,0.000,0.000
0.000,0.000,0.993,0.007,0.000,0.000,0.000
0.000,0.000,0.950,0.050,0.000,0.000,0.000
0.000,0.000,0.998,0.002,0.000,0.000,0.000
0.000,0.000,0.984,0.016,0.000,0.000,0.000
0.000,0.000,0.684,0.316,0.000,0.000,0.000
0.000,0.000,0.998,0.002,0.000,0.000,0.000
0.000,0.000,0.999,0.001,0.000,0.000,0.000
0.000,0.000,0.991,0.009,0.000,0.000,0.000
0.000,0.000,0.989,0.011,0.000,0.000,0.000
0.000,0.000,0.970,0.030,0.000,0.000,0.000
0.000,0.000,0.891,0.109,0.000,0.000,0.000
0.000,0.000,0.941,0.059,0.000,0.000,0.000
0.000,0.000,0.974,0.026,0.000,0.000,0.000
0.000,0.000,0.941,0.059,0.000,0.000,0.000
0.000,0.000,0.995,0.005,0.000,0.000,0.000
0.000,0.000,0.991,0.009,0.000,0.000,0.000
0.000,0.000,0.982,0.018,0.000,0.000,0.000
0.000,0.000,0.998,0.002,0.000,0.000,0.000
0.000,0.000,0.992,0.008,0.000,0.000,0.000
0.000,0.000,0.995,0.005,0.000,0.000,0.000
0.000,0.000,0.998,0.002,0.000,0.000,0.000
0.000,0.000,1.000,0.000,0.000,0.000,0.000
0.000,0.000,0.997,0.003,0.000,0.000,0.000
0.000,0.000,0.997,0.003,0.000,0.000,0.000
0.000,0.000,0.996,0.004,0.000,0.000,0.000
0.000,0.000,0.986,0.014,0.000,0.000,0.000
0.000,0.000,1.000,0.000,0.000,0.000,0.000
0.000,0.000,0.999,0.001,0.000,0.000,0.000
0.000,0.000,0.996,0.004,0.000,0.000,0.000
0.000,0.000,0.996,0.004,0.000,0.000,0.000
0.000,0.000,0.949,0.051,0.000,0.000,0.000
0.000,0.000,1.000,0.000,0.000,0.000,0.000
0.000,0.000,1.000,0.000,0.000,0.000,0.000
0.000,0.000,1.000,0.000,0.000,0.000,0.000
0.000,0.000,0.957,0.043,0.000,0.000,0.000
0.000,0.000,0.994,0.006,0.000,0.000,0.000
0.000,0.000,0.984,0.016,0.000,0.000,0.000
0.000,0.000,0.949,0.051,0.000,0.000,0.000
0.000,0.000,0.998,0.002,0.000,0.000,0.000
0.000,0.000,0.996,0.004,0.000,0.000,0.000
0.000,0.000,0.963,0.037,0.000,0.000,0.000
0.000,0.000,1.000,0.000,0.000,0.000,0.000
0.000,0.000,0.999,0.001,0.000,0.000,0.000
0.000,0.000,1.000,0.000,0.000,0.000,0.000
0.000,0.000,0.992,0.008,0.000,0.000,0.000
0.000,0.000,0.998,0.002,0.000,0.000,0.000
0.000,0.000,0.999,0.001,0.000,0.000,0.000
0.000,0.000,1.000,0.000,0.000,0.000,0.000
0.000,0.000,0.996,0.004,0.000,0.000,0.000
0.000,0.000,0.998,0.002,0.000,0.000,0.000
0.000,0.001,0.999,0.000,0.000,0.000,0.000
0.000,0.000,0.999,0.001,0.000,0.000,0.000
0.000,0.000,1.000,0.000,0.000,0.000,0.000
0.000,0.000,1.000,0.000,0.000,0.000,0.000
0.000,0.001,0.998,0.000,0.000,0.000,0.000
0.000,0.000,1.000,0.000,0.000,0.000,0.000
0.000,0.000,1.000,0.000,0.000,0.000,0.000
0.000,0.000,0.999,0.000,0.000,0.000,0.000
0.000,0.001,0.999,0.000,0.000,0.000,0.000
0.000,0.000,0.999,0.001,0.000,0.000,0.000
0.000,0.000,1.000,0.000,0.000,0.000,0.000
0.000,0.091,0.909,0.000,0.000,0.000,0.000
0.000,0.012,0.988,0.000,0.000,0.000,0.000
0.000,0.013,0.987,0.000,0.000,0.000,0.000
0.000,0.000,1.000,0.000,0.000,0.000,0.000
0.000,0.000,1.000,0.000,0.000,0.000,0.000
0.000,0.000,0.999,0.000,0.000,0.000,0.000
0.000,0.001,0.999,0.000,0.000,0.000,0.000
0.000,0.001,0.999,0.000,0.000,0.000,0.000
0.000,0.001,0.999,0.000,0.000,0.000,0.000
0.000,0.026,0.974,0.000,0.000,0.000,0.000
0.000,0.048,0.952,0.000,0.000,0.000,0.000
0.000,0.051,0.949,0.000,0.000,0.000,0.000
0.000,0.914,0.086,0.000,0.000,0.000,0.000
0.000,0.000,0.998,0.002,0.000,0.000,0.000
0.000,0.001,0.999,0.000,0.000,0.000,0.000
0.000,0.000,0.999,0.001,0.000,0.000,0.000
0.000,0.000,0.992,0.008,0.000,0.000,0.000
0.000,0.000,0.997,0.003,0.000,0.000,0.000
0.000,0.000,0.999,0.001,0.000,0.000,0.000
0.000,0.000,0.999,0.001,0.000,0.000,0.000
0.000,0.000,0.999,0.000,0.000,0.000,0.000
0.000,0.000,0.998,0.002,0.000,0.000,0.000
0.000,0.000,0.999,0.001,0.000,0.000,0.000
0.000,0.000,0.998,0.002,0.000,0.000,0.000
0.000,0.000,0.993,0.007,0.000,0.000,0.000
0.000,0.000,0.990,0.010,0.000,0.000,0.000
0.000,0.000,0.992,0.008,0.000,0.000,0.000
0.000,0.001,0.999,0.000,0.000,0.000,0.000
0.000,0.000,0.996,0.004,0.000,0.000,0.000
0.000,0.000,0.995,0.005,0.000,0.000,0.000
0.000,0.000,0.991,0.009,0.000,0.000,0.000
0.000,0.000,0.997,0.003,0.000,0.000,0.000
0.000,0.000,0.998,0.002,0.000,0.000,0.000
0.000,0.004,0.995,0.000,0.000,0.000,0.000
0.000,0.001,0.999,0.000,0.000,0.000,0.000
0.000,0.000,0.999,0.001,0.000,0.000,0.000
0.000,0.000,0.996,0.004,0.000,0.000,0.000
0.000,0.001,0.999,0.000,0.000,0.000,0.000
0.000,0.000,0.998,0.002,0.000,0.000,0.000
0.000,0.000,0.999,0.001,0.000,0.000,0.000
0.000,0.000,0.990,0.010,0.000,0.000,0.000
0.000,0.000,0.993,0.007,0.000,0.000,0.000
0.000,0.000,0.971,0.029,0.000,0.000,0.000
0.000,0.000,0.990,0.010,0.000,0.000,0.000
0.000,0.000,0.975,0.025,0.000,0.000,0.000
0.000,0.000,0.989,0.011,0.000,0.000,0.000
0.000,0.000,0.992,0.008,0.000,0.000,0.000
0.000,0.000,0.996,0.004,0.000,0.000,0.000
0.000,0.000,0.986,0.014,0.000,0.000,0.000
0.000,0.000,0.994,0.006,0.000,0.000,0.000
0.000,0.000,0.992,0.008,0.000,0.000,0.000
0.000,0.000,0.999,0.001,0.000,0.000,0.000
0.000,0.000,0.997,0.003,0.000,0.000,0.000
0.000,0.000,0.998,0.002,0.000,0.000,0.000
0.000,0.000,0.998,0.002,0.000,0.000,0.000
0.000,0.000,0.998,0.002,0.000,0.000,0.000
0.000,0.000,0.998,0.002,0.000,0.000,0.000
0.000,0.000,0.993,0.007,0.000,0.000,0.000
0.000,0.001,0.999,0.000,0.000,0.000,0.000
0.000,0.000,0.998,0.002,0.000,0.000,0.000
0.000,0.000,0.998,0.002,0.000,0.000,0.000
0.000,0.000,0.997,0.003,0.000,0.000,0.000
0.000,0.000,0.993,0.007,0.000,0.000,0.000
0.000,0.000,0.984,0.016,0.000,0.000,0.000
0.000,0.000,0.910,0.090,0.000,0.000,0.000
0.000,0.000,0.429,0.571,0.000,0.000,0.000
0.000,0.000,0.041,0.959,0.000,0.000,0.000
0.000,0.000,0.002,0.996,0.002,0.000,0.000
0.000,0.000,0.024,0.976,0.000,0.000,0.000
0.000,0.000,0.005,0.994,0.001,0.000,0.000
0.000,0.000,0.003,0.995,0.002,0.000,0.000
0.000,0.000,0.003,0.995,0.001,0.000,0.000
0.000,0.000,0.006,0.993,0.001,0.000,0.000
0.000,0.000,0.002,0.995,0.003,0.000,0.000
0.000,0.000,0.047,0.952,0.000,0.000,0.000
0.000,0.000,0.024,0.976,0.000,0.000,0.000
0.000,0.000,0.036,0.964,0.000,0.000,0.000
0.000,0.000,0.003,0.995,0.001,0.000,0.000
0.000,0.000,0.008,0.992,0.001,0.000,0.000
0.000,0.000,0.000,0.980,0.020,0.000,0.000
0.000,0.000,0.007,0.993,0.001,0.000,0.000
0.000,0.000,0.003,0.995,0.001,0.000,0.000
0.000,0.000,0.000,0.976,0.024,0.000,0.000
0.000,0.000,0.063,0.937,0.000,0.000,0.000
0.000,0.000,0.031,0.969,0.000,0.000,0.000
0.000,0.000,0.021,0.979,0.000,0.000,0.000
0.000,0.000,0.018,0.982,0.000,0.000,0.000
0.000,0.000,0.027,0.973,0.000,0.000,0.000
0.000,0.000,0.001,0.995,0.004,0.000,0.000
0.000,0.000,0.063,0.937,0.000,0.000,0.000
0.000,0.000,0.140,0.860,0.000,0.000,0.000
0.000,0.000,0.425,0.575,0.000,0.000,0.000
0.000,0.000,0.012,0.988,0.000,0.000,0.000
0.000,0.000,0.123,0.877,0.000,0.000,0.000
0.000,0.000,0.047,0.953,0.000,0.000,0.000
0.000,0.000,0.181,0.819,0.000,0.000,0.000
0.000,0.000,0.015,0.984,0.000,0.000,0.000
0.000,0.000,0.054,0.946,0.000,0.000,0.000
0.000,0.000,0.015,0.984,0.000,0.000,0.000
0.000,0.000,0.036,0.964,0.000,0.000,0.000
0.000,0.000,0.314,0.686,0.000,0.000,0.000
0.000,0.000,0.031,0.969,0.000,0.000,0.000
0.000,0.000,0.010,0.989,0.001,0.000,0.000
0.000,0.000,0.003,0.996,0.002,0.000,0.000
0.000,0.000,0.012,0.988,0.000,0.000,0.000
0.000,0.000,0.054,0.945,0.000,0.000,0.000
0.000,0.000,0.053,0.946,0.000,0.000,0.000
0.000,0.000,0.017,0.982,0.000,0.000,0.000
0.000,0.000,0.007,0.992,0.001,0.000,0.000
0.000,0.000,0.017,0.983,0.000,0.000,0.000
0.000,0.000,0.004,0.994,0.002,0.000,0.000
0.000,0.000,0.016,0.983,0.001,0.000,0.000
0.000,0.000,0.025,0.975,0.001,0.000,0.000
0.000,0.000,0.120,0.880,0.000,0.000,0.000
0.000,0.000,0.077,0.922,0.000,0.000,0.000
0.000,0.000,0.033,0.967,0.001,0.000,0.000
0.000,0.000,0.024,0.975,0.001,0.000,0.000
0.000,0.000,0.067,0.932,0.000,0.000,0.000
0.000,0.000,0.068,0.932,0.000,0.000,0.000
0.000,0.000,0.121,0.879,0.000,0.000,0.000
0.000,0.000,0.044,0.956,0.000,0.000,0.000
0.000,0.000,0.067,0.932,0.000,0.000,0.000
0.000,0.000,0.861,0.139,0.000,0.000,0.000
0.000,0.000,0.174,0.826,0.000,0.000,0.000
0.000,0.000,0.176,0.824,0.000,0.000,0.000
0.000,0.000,0.103,0.896,0.000,0.000,0.000
0.000,0.000,0.249,0.751,0.000,0.000,0.000
0.000,0.000,0.380,0.619,0.000,0.000,0.000
0.000,0.000,0.029,0.970,0.001,0.000,0.000
0.000,0.000,0.280,0.720,0.000,0.000,0.000
0.000,0.000,0.220,0.780,0.000,0.000,0.000
0.000,0.000,0.617,0.383,0.000,0.000,0.000
0.000,0.000,0.416,0.584,0.000,0.000,0.000
0.000,0.000,0.156,0.844,0.000,0.000,0.000
0.000,0.000,0.171,0.828,0.000,0.000,0.000
0.000,0.000,0.650,0.350,0.000,0.000,0.000
0.000,0.000,0.176,0.824,0.000,0.000,0.000
0.000,0.000,0.069,0.931,0.000,0.000,0.000
0.000,0.000,0.195,0.805,0.000,0.000,0.000
0.000,0.000,0.276,0.724,0.000,0.000,0.000
0.000,0.000,0.174,0.825,0.000,0.000,0.000
0.000,0.000,0.641,0.359,0.000,0.000,0.000
0.000,0.000,0.605,0.395,0.000,0.000,0.000
0.000,0.000,0.120,0.879,0.000,0.000,0.000
0.000,0.000,0.200,0.800,0.000,0.000,0.000
0.000,0.000,0.178,0.822,0.000,0.000,0.000
0.000,0.000,0.421,0.579,0.000,0.000,0.000
0.000,0.000,0.380,0.620,0.000,0.000,0.000
0.000,0.000,0.052,0.947,0.000,0.000,0.000
0.000,0.000,0.026,0.974,0.000,0.000,0.000
0.000,0.000,0.009,0.990,0.001,0.000,0.000
0.000,0.000,0.006,0.993,0.001,0.000,0.000
0.000,0.000,0.001,0.996,0.003,0.000,0.000
0.000,0.000,0.761,0.238,0.000,0.000,0.000
0.000,0.000,0.000,0.001,0.999,0.000,0.000
0.000,0.000,0.000,0.000,1.000,0.000,0.000
0.000,0.000,0.992,0.008,0.000,0.000,0.000
0.000,0.000,0.000,0.000,1.000,0.000,0.000
0.000,0.000,0.000,0.000,1.000,0.000,0.000
0.000,0.000,0.000,0.045,0.955,0.000,0.000
0.000,0.000,0.000,0.001,0.999,0.000,0.000
0.000,0.000,0.000,0.981,0.018,0.000,0.000
0.000,0.000,0.000,0.653,0.347,0.000,0.000
0.000,0.000,0.000,0.936,0.064,0.000,0.000
0.000,0.000,0.000,0.945,0.055,0.000,0.000
0.000,0.000,0.000,0.988,0.012,0.000,0.000
0.000,0.000,0.000,0.990,0.010,0.000,0.000
0.000,0.000,0.000,0.986,0.014,0.000,0.000
0.000,0.000,0.001,0.996,0.003,0.000,0.000
0.000,0.000,0.003,0.995,0.001,0.000,0.000
0.000,0.000,0.004,0.995,0.001,0.000,0.000
0.000,0.000,0.004,0.994,0.001,0.000,0.000
0.000,0.000,0.011,0.988,0.001,0.000,0.000
0.000,0.000,0.011,0.988,0.001,0.000,0.000
0.000,0.000,0.002,0.996,0.002,0.000,0.000
0.000,0.000,0.002,0.996,0.002,0.000,0.000
0.000,0.000,0.973,0.027,0.000,0.000,0.000
0.000,0.000,0.147,0.853,0.000,0.000,0.000
0.000,0.000,0.243,0.757,0.000,0.000,0.000
0.000,0.000,0.011,0.988,0.001,0.000,0.000
0.000,0.000,0.027,0.973,0.001,0.000,0.000
0.000,0.000,0.980,0.020,0.000,0.000,0.000
0.000,0.000,0.003,0.995,0.002,0.000,0.000
0.000,0.000,0.008,0.991,0.001,0.000,0.000
0.000,0.000,0.596,0.404,0.000,0.000,0.000
0.000,0.000,0.220,0.780,0.000,0.000,0.000
0.000,0.000,0.317,0.682,0.000,0.000,0.000
0.000,0.000,0.844,0.156,0.000,0.000,0.000
0.000,0.000,0.185,0.815,0.000,0.000,0.000
0.000,0.000,0.309,0.690,0.000,0.000,0.000
0.000,0.000,1.000,0.000,0.000,0.000,0.000
0.000,0.000,0.925,0.075,0.000,0.000,0.000
0.000,0.000,0.878,0.122,0.000,0.000,0.000
0.000,0.000,0.859,0.141,0.000,0.000,0.000
0.000,0.000,0.166,0.834,0.000,0.000,0.000
0.000,0.000,0.026,0.974,0.000,0.000,0.000
0.000,0.000,0.158,0.842,0.000,0.000,0.000
0.000,0.000,0.002,0.998,0.000,0.000,0.000
0.000,0.000,0.004,0.995,0.000,0.000,0.000
0.000,0.000,0.101,0.899,0.000,0.000,0.000
0.000,0.000,0.030,0.970,0.000,0.000,0.000
0.000,0.000,0.082,0.918,0.000,0.000,0.000
0.000,0.000,0.137,0.863,0.000,0.000,0.000
0.000,0.000,0.015,0.985,0.000,0.000,0.000
0.000,0.000,0.013,0.987,0.000,0.000,0.000
0.000,0.000,0.069,0.931,0.000,0.000,0.000
0.000,0.000,0.007,0.993,0.000,0.000,0.000
0.000,0.000,0.004,0.995,0.000,0.000,0.000
0.000,0.000,0.054,0.946,0.000,0.000,0.000
0.000,0.000,0.013,0.987,0.000,0.000,0.000
0.000,0.000,0.017,0.983,0.000,0.000,0.000
0.000,0.000,0.719,0.281,0.000,0.000,0.000
0.000,0.000,0.051,0.949,0.000,0.000,0.000
0.000,0.000,0.097,0.903,0.000,0.000,0.000
0.000,0.000,0.192,0.808,0.000,0.000,0.000
0.000,0.000,0.219,0.781,0.000,0.000,0.000
0.000,0.000,0.583,0.417,0.000,0.000,0.000
0.000,0.000,0.193,0.807,0.000,0.000,0.000
0.000,0.000,0.146,0.854,0.000,0.000,0.000
0.000,0.000,0.004,0.996,0.000,0.000,0.000
0.000,0.000,0.062,0.938,0.000,0.000,0.000
0.000,0.000,0.009,0.991,0.000,0.000,0.000
0.000,0.000,0.014,0.986,0.000,0.000,0.000
0.000,0.000,0.723,0.277,0.000,0.000,0.000
0.000,0.000,0.014,0.985,0.000,0.000,0.000
0.000,0.000,0.038,0.962,0.000,0.000,0.000
0.000,0.000,0.169,0.831,0.000,0.000,0.000
0.000,0.000,0.032,0.968,0.000,0.000,0.000
0.000,0.000,0.009,0.991,0.000,0.000,0.000
0.000,0.000,0.032,0.968,0.000,0.000,0.000
0.000,0.000,0.013,0.987,0.000,0.000,0.000
0.000,0.000,0.028,0.972,0.000,0.000,0.000
0.000,0.000,0.639,0.361,0.000,0.000,0.000
0.000,0.000,0.524,0.476,0.000,0.000,0.000
0.000,0.000,0.710,0.290,0.000,0.000,0.000
0.000,0.000,0.715,0.285,0.000,0.000,0.000
0.000,0.000,0.186,0.814,0.000,0.000,0.000
0.000,0.000,0.075,0.924,0.000,0.000,0.000
0.000,0.000,0.989,0.011,0.000,0.000,0.000
0.000,0.000,0.661,0.339,0.000,0.000,0.000
0.000,0.000,0.042,0.958,0.000,0.000,0.000
0.000,0.000,0.066,0.934,0.000,0.000,0.000
0.000,0.000,0.002,0.997,0.001,0.000,0.000
0.000,0.000,0.018,0.981,0.000,0.000,0.000
0.000,0.000,0.378,0.622,0.000,0.000,0.000
0.000,0.000,0.491,0.508,0.000,0.000,0.000
0.000,0.000,0.128,0.872,0.000,0.000,0.000
0.000,0.000,0.045,0.955,0.000,0.000,0.000
0.000,0.000,0.028,0.972,0.000,0.000,0.000
0.000,0.000,0.263,0.737,0.000,0.000,0.000
0.000,0.000,0.999,0.001,0.000,0.000,0.000
0.000,0.000,0.690,0.310,0.000,0.000,0.000
0.000,0.000,0.150,0.850,0.000,0.000,0.000
0.000,0.000,0.070,0.930,0.000,0.000,0.000
0.000,0.000,0.052,0.948,0.000,0.000,0.000
0.000,0.000,0.054,0.946,0.000,0.000,0.000
0.000,0.000,0.730,0.269,0.000,0.000,0.000
0.000,0.000,0.056,0.944,0.000,0.000,0.000
0.000,0.000,0.395,0.605,0.000,0.000,0.000
0.000,0.000,0.992,0.008,0.000,0.000,0.000
0.000,0.000,0.892,0.108,0.000,0.000,0.000
0.000,0.000,0.904,0.096,0.000,0.000,0.000
0.000,0.000,0.959,0.041,0.000,0.000,0.000
0.000,0.000,0.699,0.301,0.000,0.000,0.000
0.000,0.000,0.771,0.229,0.000,0.000,0.000
0.000,0.000,0.999,0.001,0.000,0.000,0.000
0.000,0.000,0.877,0.123,0.000,0.000,0.000
0.000,0.000,0.837,0.163,0.000,0.000,0.000
0.000,0.000,0.951,0.049,0.000,0.000,0.000
0.000,0.000,0.932,0.068,0.000,0.000,0.000
0.000,0.000,0.933,0.067,0.000,0.000,0.000
0.000,0.000,0.980,0.020,0.000,0.000,0.000
0.000,0.000,0.856,0.144,0.000,0.000,0.000
0.000,0.000,0.905,0.095,0.000,0.000,0.000
0.000,0.000,0.997,0.003,0.000,0.000,0.000
0.000,0.000,0.979,0.021,0.000,0.000,0.000
0.000,0.000,0.945,0.055,0.000,0.000,0.000
0.000,0.000,0.565,0.435,0.000,0.000,0.000
0.000,0.000,0.647,0.353,0.000,0.000,0.000
0.000,0.000,0.582,0.418,0.000,0.000,0.000
0.000,0.000,0.473,0.527,0.000,0.000,0.000
0.000,0.000,0.941,0.059,0.000,0.000,0.000
0.000,0.000,0.966,0.034,0.000,0.000,0.000
0.000,0.000,0.993,0.007,0.000,0.000,0.000
0.000,0.000,0.387,0.613,0.000,0.000,0.000
0.000,0.000,0.277,0.723,0.000,0.000,0.000
0.000,0.000,0.976,0.024,0.000,0.000,0.000
0.000,0.000,0.686,0.314,0.000,0.000,0.000
0.000,0.000,0.677,0.323,0.000,0.000,0.000
0.000,0.000,0.944,0.056,0.000,0.000,0.000
0.000,0.000,0.158,0.842,0.000,0.000,0.000
0.000,0.000,0.156,0.843,0.000,0.000,0.000
0.000,0.000,0.893,0.107,0.000,0.000,0.000
0.000,0.000,0.471,0.529,0.000,0.000,0.000
0.000,0.000,0.581,0.418,0.000,0.000,0.000
0.000,0.000,0.997,0.003,0.000,0.000,0.000
0.000,0.000,0.615,0.385,0.000,0.000,0.000
0.000,0.000,0.990,0.010,0.000,0.000,0.000
0.000,0.000,0.980,0.020,0.000,0.000,0.000
0.000,0.000,0.360,0.640,0.000,0.000,0.000
0.000,0.000,0.456,0.544,0.000,0.000,0.000
0.000,0.000,0.878,0.122,0.000,0.000,0.000
0.000,0.000,0.742,0.258,0.000,0.000,0.000
0.000,0.000,0.629,0.371,0.000,0.000,0.000
0.000,0.000,0.504,0.496,0.000,0.000,0.000
0.000,0.000,0.617,0.383,0.000,0.000,0.000
0.000,0.000,0.580,0.420,0.000,0.000,0.000
0.000,0.000,0.880,0.120,0.000,0.000,0.000
0.000,0.000,0.125,0.875,0.000,0.000,0.000
0.000,0.000,0.350,0.650,0.000,0.000,0.000
0.000,0.000,0.998,0.002,0.000,0.000,0.000
0.000,0.000,0.835,0.165,0.000,0.000,0.000
0.000,0.000,0.693,0.307,0.000,0.000,0.000
0.000,0.000,0.470,0.530,0.000,0.000,0.000
0.000,0.000,0.174,0.826,0.000,0.000,0.000
0.000,0.000,0.032,0.967,0.001,0.000,0.000
0.000,0.000,0.002,0.995,0.003,0.000,0.000
0.000,0.000,0.000,0.905,0.095,0.000,0.000
0.000,0.000,0.000,0.001,0.999,0.000,0.000
0.000,0.000,0.000,0.000,1.000,0.000,0.000
0.000,0.000,0.012,0.987,0.000,0.000,0.000
0.000,0.000,0.000,0.000,1.000,0.000,0.000
0.000,0.000,0.001,0.000,0.000,0.999,0.000
0.000,0.000,0.000,0.000,1.000,0.000,0.000
0.000,0.000,0.000,0.000,1.000,0.000,0.000
0.000,0.000,0.000,0.974,0.026,0.000,0.000
0.000,0.000,0.000,0.008,0.992,0.000,0.000
0.000,0.000,0.000,0.000,1.000,0.000,0.000
0.000,0.000,0.000,0.000,1.000,0.000,0.000
0.000,0.000,0.041,0.959,0.000,0.000,0.000
0.000,0.000,0.000,0.004,0.996,0.000,0.000
0.000,0.000,0.000,0.000,1.000,0.000,0.000
0.000,0.000,0.000,0.000,1.000,0.000,0.000
0.000,0.000,0.000,0.000,1.000,0.000,0.000
0.000,0.000,0.000,0.000,1.000,0.000,0.000
0.000,0.000,0.000,0.000,1.000,0.000,0.000
0.000,0.000,0.000,0.000,1.000,0.000,0.000
0.000,0.000,0.000,0.005,0.995,0.000,0.000
0.000,0.000,0.000,0.000,1.000,0.000,0.000
0.000,0.000,0.000,0.000,1.000,0.000,0.000
0.000,0.000,0.000,0.078,0.922,0.000,0.000
0.000,0.000,0.000,0.003,0.997,0.000,0.000
0.000,0.000,0.000,0.008,0.992,0.000,0.000
0.000,0.000,0.000,0.046,0.954,0.000,0.000
0.000,0.000,0.000,0.002,0.998,0.000,0.000
0.000,0.000,0.000,0.002,0.998,0.000,0.000
0.000,0.000,0.000,0.003,0.997,0.000,0.000
0.000,0.000,0.000,0.001,0.999,0.000,0.000
0.000,0.000,0.000,0.004,0.996,0.000,0.000
0.000,0.000,0.000,0.003,0.997,0.000,0.000
0.000,0.000,0.000,0.001,0.999,0.000,0.000
0.000,0.000,0.000,0.002,0.998,0.000,0.000
0.000,0.000,0.000,0.012,0.988,0.000,0.000
0.000,0.000,0.000,0.014,0.986,0.000,0.000
0.000,0.000,0.000,0.011,0.989,0.000,0.000
0.000,0.000,0.000,0.010,0.990,0.000,0.000
0.000,0.000,0.000,0.149,0.851,0.000,0.000
0.000,0.000,0.000,0.046,0.954,0.000,0.000
0.000,0.000,0.000,0.015,0.985,0.000,0.000
0.000,0.000,0.000,0.002,0.998,0.000,0.000
0.000,0.000,0.000,0.055,0.945,0.000,0.000
0.000,0.000,0.000,0.089,0.911,0.000,0.000
0.000,0.000,0.000,0.173,0.827,0.000,0.000
0.000,0.000,0.000,0.188,0.812,0.000,0.000
0.000,0.000,0.000,0.418,0.582,0.000,0.000
0.000,0.000,0.000,0.570,0.430,0.000,0.000
0.000,0.000,0.000,0.329,0.671,0.000,0.000
0.000,0.000,0.000,0.567,0.433,0.000,0.000
0.000,0.000,0.000,0.841,0.159,0.000,0.000
0.000,0.000,0.000,0.946,0.054,0.000,0.000
0.000,0.000,0.000,0.563,0.437,0.000,0.000
0.000,0.000,0.000,0.328,0.672,0.000,0.000
0.000,0.000,0.000,0.922,0.078,0.000,0.000
0.000,0.000,0.000,0.978,0.021,0.000,0.000
0.000,0.000,0.000,0.974,0.026,0.000,0.000
0.000,0.000,0.000,0.841,0.159,0.000,0.000
0.000,0.000,0.000,0.251,0.749,0.000,0.000
0.000,0.000,0.000,0.100,0.900,0.000,0.000
0.000,0.000,0.000,0.371,0.629,0.000,0.000
0.000,0.000,0.000,0.659,0.341,0.000,0.000
0.000,0.000,0.000,0.420,0.580,0.000,0.000
0.000,0.000,0.000,0.744,0.256,0.000,0.000
0.000,0.000,0.000,0.812,0.188,0.000,0.000
0.000,0.000,0.000,0.982,0.018,0.000,0.000
0.000,0.000,0.000,0.978,0.021,0.000,0.000
0.000,0.000,0.001,0.987,0.013,0.000,0.000
0.000,0.000,0.000,0.888,0.112,0.000,0.000
0.000,0.000,0.000,0.813,0.187,0.000,0.000
0.000,0.000,0.000,0.469,0.531,0.000,0.000
0.000,0.000,0.000,0.422,0.578,0.000,0.000
0.000,0.000,0.000,0.569,0.431,0.000,0.000
0.000,0.000,0.000,0.745,0.255,0.000,0.000
0.000,0.000,0.000,0.705,0.295,0.000,0.000
0.000,0.000,0.000,0.659,0.341,0.000,0.000
0.000,0.000,0.000,0.659,0.341,0.000,0.000
0.000,0.000,0.000,0.888,0.112,0.000,0.000
0.000,0.000,0.000,0.841,0.159,0.000,0.000
0.000,0.000,0.000,0.564,0.436,0.000,0.000
0.000,0.000,0.000,0.250,0.750,0.000,0.000
0.000,0.000,0.000,0.140,0.860,0.000,0.000
0.000,0.000,0.000,0.253,0.747,0.000,0.000
0.000,0.000,0.000,0.162,0.838,0.000,0.000
0.000,0.000,0.000,0.887,0.113,0.000,0.000
0.000,0.000,0.000,0.840,0.160,0.000,0.000
0.000,0.000,0.000,0.866,0.134,0.000,0.000
0.000,0.000,0.000,0.275,0.725,0.000,0.000
0.000,0.000,0.000,0.850,0.150,0.000,0.000
0.000,0.000,0.000,0.790,0.210,0.000,0.000
0.000,0.000,0.000,0.714,0.286,0.000,0.000
0.000,0.000,0.000,0.240,0.760,0.000,0.000
0.000,0.000,0.000,0.205,0.795,0.000,0.000
0.000,0.000,0.000,0.089,0.911,0.000,0.000
0.000,0.000,0.000,0.013,0.987,0.000,0.000
0.000,0.000,0.000,0.022,0.978,0.000,0.000
0.000,0.000,0.000,0.106,0.894,0.000,0.000
0.000,0.000,0.000,0.278,0.722,0.000,0.000
0.000,0.000,0.000,0.239,0.761,0.000,0.000
0.000,0.000,0.000,0.895,0.105,0.000,0.000
0.000,0.000,0.000,0.462,0.538,0.000,0.000
0.000,0.000,0.000,0.238,0.762,0.000,0.000
0.000,0.000,0.000,0.363,0.637,0.000,0.000
0.000,0.000,0.000,0.567,0.433,0.000,0.000
0.000,0.000,0.000,0.788,0.212,0.000,0.000
0.000,0.000,0.000,0.089,0.911,0.000,0.000
0.000,0.000,0.000,0.063,0.937,0.000,0.000
0.000,0.000,0.000,0.063,0.937,0.000,0.000
0.000,0.000,0.000,0.204,0.796,0.000,0.000
0.000,0.000,0.000,0.239,0.761,0.000,0.000
0.000,0.000,0.000,0.615,0.385,0.000,0.000
0.000,0.000,0.000,0.204,0.796,0.000,0.000
0.000,0.000,0.000,0.239,0.761,0.000,0.000
0.000,0.000,0.000,0.063,0.937,0.000,0.000
0.000,0.000,0.000,0.713,0.287,0.000,0.000
0.000,0.000,0.000,0.151,0.849,0.000,0.000
0.000,0.000,0.000,0.635,0.365,0.000,0.000
0.000,0.000,0.000,0.387,0.613,0.000,0.000
0.000,0.000,0.000,0.185,0.815,0.000,0.000
0.000,0.000,0.000,0.944,0.055,0.000,0.000
0.000,0.000,0.000,0.861,0.139,0.000,0.000
0.000,0.000,0.000,0.982,0.018,0.000,0.000
0.000,0.000,0.000,0.978,0.021,0.000,0.000
0.000,0.000,0.000,0.213,0.787,0.000,0.000
0.000,0.000,0.000,0.181,0.819,0.000,0.000
0.000,0.000,0.000,0.022,0.978,0.000,0.000
0.000,0.000,0.000,0.804,0.196,0.000,0.000
0.000,0.000,0.000,0.221,0.779,0.000,0.000
0.000,0.000,0.000,0.439,0.561,0.000,0.000
0.000,0.000,0.000,0.490,0.510,0.000,0.000
0.000,0.000,0.000,0.377,0.622,0.000,0.000
0.000,0.000,0.000,0.796,0.204,0.000,0.000
0.000,0.000,0.000,0.590,0.410,0.000,0.000
0.000,0.000,0.000,0.686,0.314,0.000,0.000
0.000,0.000,0.000,0.001,0.999,0.000,0.000
0.000,0.000,0.000,0.771,0.229,0.000,0.000
0.000,0.000,0.000,0.442,0.558,0.000,0.000
0.000,0.000,0.000,0.091,0.909,0.000,0.000
0.000,0.000,0.000,0.390,0.610,0.000,0.000
0.000,0.000,0.000,0.543,0.457,0.000,0.000
0.000,0.000,0.000,0.878,0.122,0.000,0.000
0.000,0.000,0.000,0.884,0.116,0.000,0.000
0.000,0.000,0.000,0.904,0.096,0.000,0.000
0.000,0.000,0.000,0.943,0.057,0.000,0.000
0.000,0.000,0.000,0.645,0.355,0.000,0.000
0.000,0.000,0.000,0.229,0.771,0.000,0.000
0.000,0.000,0.000,0.229,0.771,0.000,0.000
0.000,0.000,0.000,0.099,0.901,0.000,0.000
0.000,0.000,0.000,0.023,0.977,0.000,0.000
0.000,0.000,0.000,0.049,0.951,0.000,0.000
0.000,0.000,0.000,0.034,0.966,0.000,0.000
0.000,0.000,0.000,0.001,0.999,0.000,0.000
0.000,0.000,0.000,0.001,0.999,0.000,0.000
0.000,0.000,0.000,0.228,0.772,0.000,0.000
0.000,0.000,0.000,0.547,0.453,0.000,0.000
0.000,0.000,0.000,0.974,0.026,0.000,0.000
0.000,0.000,0.000,0.004,0.996,0.000,0.000
0.000,0.000,0.000,0.010,0.990,0.000,0.000
0.000,0.000,0.000,0.010,0.990,0.000,0.000
0.000,0.000,0.000,0.042,0.958,0.000,0.000
0.000,0.000,0.000,0.228,0.772,0.000,0.000
0.000,0.000,0.000,0.139,0.861,0.000,0.000
0.000,0.000,0.000,0.034,0.966,0.000,0.000
0.000,0.000,0.000,0.003,0.997,0.000,0.000
0.000,0.000,0.000,0.047,0.953,0.000,0.000
0.000,0.000,0.000,0.000,1.000,0.000,0.000
0.000,0.000,0.000,0.003,0.997,0.000,0.000
0.000,0.000,0.000,0.001,0.999,0.000,0.000
0.000,0.000,0.000,0.020,0.980,0.000,0.000
0.000,0.000,0.000,0.049,0.951,0.000,0.000
0.000,0.000,0.000,0.087,0.913,0.000,0.000
0.000,0.000,0.000,0.024,0.976,0.000,0.000
0.000,0.000,0.000,0.167,0.833,0.000,0.000
0.000,0.000,0.000,0.645,0.355,0.000,0.000
0.000,0.000,0.000,0.098,0.902,0.000,0.000
0.000,0.000,0.000,0.000,1.000,0.000,0.000
0.000,0.000,0.000,0.000,1.000,0.000,0.000
0.000,0.000,0.000,0.001,0.999,0.000,0.000
0.000,0.000,0.000,0.002,0.998,0.000,0.000
0.000,0.000,0.000,0.016,0.984,0.000,0.000
0.000,0.000,0.000,0.083,0.917,0.000,0.000
0.000,0.000,0.000,0.070,0.930,0.000,0.000
0.000,0.000,0.000,0.003,0.997,0.000,0.000
0.000,0.000,0.000,0.002,0.998,0.000,0.000
0.000,0.000,0.000,0.023,0.977,0.000,0.000
0.000,0.000,0.000,0.002,0.998,0.000,0.000
0.000,0.000,0.000,0.002,0.998,0.000,0.000
0.000,0.000,0.000,0.007,0.993,0.000,0.000
0.000,0.000,0.000,0.049,0.951,0.000,0.000
0.000,0.000,0.000,0.035,0.965,0.000,0.000
0.000,0.000,0.000,0.019,0.981,0.000,0.000
0.000,0.000,0.000,0.002,0.998,0.000,0.000
0.000,0.000,0.000,0.002,0.998,0.000,0.000
0.000,0.000,0.000,0.019,0.981,0.000,0.000
0.000,0.000,0.000,0.034,0.966,0.000,0.000
0.000,0.000,0.000,0.017,0.983,0.000,0.000
0.000,0.000,0.000,0.027,0.973,0.000,0.000
0.000,0.000,0.000,0.024,0.976,0.000,0.000
0.000,0.000,0.000,0.000,1.000,0.000,0.000
0.000,0.000,0.000,0.002,0.998,0.000,0.000
0.000,0.000,0.000,0.000,1.000,0.000,0.000
0.000,0.000,0.000,0.002,0.998,0.000,0.000
0.000,0.000,0.000,0.010,0.990,0.000,0.000
0.000,0.000,0.000,0.020,0.980,0.000,0.000
0.000,0.000,0.000,0.004,0.996,0.000,0.000
0.000,0.000,0.000,0.001,0.999,0.000,0.000
0.000,0.000,0.000,0.004,0.996,0.000,0.000
0.000,0.000,0.000,0.003,0.997,0.000,0.000
0.000,0.000,0.000,0.016,0.984,0.000,0.000
0.000,0.000,0.000,0.001,0.999,0.000,0.000
0.000,0.000,0.000,0.008,0.992,0.000,0.000
0.000,0.000,0.000,0.001,0.999,0.000,0.000
0.000,0.000,0.000,0.000,1.000,0.000,0.000
0.000,0.000,0.000,0.002,0.998,0.000,0.000
0.000,0.000,0.000,0.010,0.990,0.000,0.000
0.000,0.000,0.000,0.013,0.987,0.000,0.000
0.000,0.000,0.000,0.016,0.984,0.000,0.000
0.000,0.000,0.000,0.021,0.979,0.000,0.000
0.000,0.000,0.000,0.018,0.982,0.000,0.000
0.000,0.000,0.000,0.009,0.991,0.000,0.000
0.000,0.000,0.000,0.039,0.961,0.000,0.000
0.000,0.000,0.000,0.021,0.979,0.000,0.000
0.000,0.000,0.000,0.040,0.960,0.000,0.000
0.000,0.000,0.000,0.015,0.985,0.000,0.000
0.000,0.000,0.000,0.039,0.961,0.000,0.000
0.000,0.000,0.000,0.008,0.992,0.000,0.000
0.000,0.000,0.000,0.006,0.994,0.000,0.000
0.000,0.000,0.000,0.003,0.997,0.000,0.000
0.000,0.000,0.000,0.641,0.359,0.000,0.000
0.000,0.000,0.000,0.022,0.978,0.000,0.000
0.000,0.000,0.000,0.013,0.987,0.000,0.000
0.000,0.000,0.000,0.077,0.923,0.000,0.000
0.000,0.000,0.000,0.071,0.929,0.000,0.000
0.000,0.000,0.000,0.028,0.972,0.000,0.000
0.000,0.000,0.000,0.012,0.988,0.000,0.000
0.000,0.000,0.000,0.004,0.996,0.000,0.000
0.000,0.000,0.000,0.014,0.986,0.000,0.000
0.000,0.000,0.000,0.063,0.937,0.000,0.000
0.000,0.000,0.000,0.002,0.998,0.000,0.000
0.000,0.000,0.000,0.003,0.997,0.000,0.000
0.000,0.000,0.000,0.011,0.989,0.000,0.000
0.000,0.000,0.000,0.018,0.982,0.000,0.000
0.000,0.000,0.000,0.079,0.921,0.000,0.000
0.000,0.000,0.000,0.575,0.425,0.000,0.000
0.000,0.000,0.000,0.025,0.975,0.000,0.000
0.000,0.000,0.000,0.044,0.956,0.000,0.000
0.000,0.000,0.000,0.263,0.737,0.000,0.000
0.000,0.000,0.000,0.076,0.924,0.000,0.000
0.000,0.000,0.000,0.058,0.942,0.000,0.000
0.000,0.000,0.000,0.081,0.919,0.000,0.000
0.000,0.000,0.000,0.104,0.896,0.000,0.000
0.000,0.000,0.000,0.178,0.822,0.000,0.000
0.000,0.000,0.000,0.259,0.741,0.000,0.000
0.000,0.000,0.000,0.186,0.814,0.000,0.000
0.000,0.000,0.000,0.967,0.033,0.000,0.000
0.000,0.000,0.000,0.239,0.761,0.000,0.000
0.000,0.000,0.000,0.692,0.308,0.000,0.000
0.000,0.000,0.001,0.992,0.008,0.000,0.000
0.000,0.000,0.000,0.570,0.430,0.000,0.000
0.000,0.000,0.000,0.760,0.240,0.000,0.000
0.000,0.000,0.000,0.842,0.158,0.000,0.000
0.000,0.000,0.000,0.900,0.100,0.000,0.000
0.000,0.000,0.001,0.992,0.007,0.000,0.000
0.000,0.000,0.000,0.580,0.420,0.000,0.000
0.000,0.000,0.000,0.247,0.753,0.000,0.000
0.000,0.000,0.000,0.638,0.362,0.000,0.000
0.000,0.000,0.000,0.611,0.389,0.000,0.000
0.000,0.000,0.000,0.437,0.563,0.000,0.000
0.000,0.000,0.002,0.995,0.003,0.000,0.000
0.000,0.000,0.000,0.701,0.299,0.000,0.000
0.000,0.000,0.000,0.676,0.324,0.000,0.000
0.000,0.000,0.001,0.996,0.003,0.000,0.000
0.000,0.000,0.000,0.508,0.492,0.000,0.000
0.000,0.000,0.000,0.124,0.876,0.000,0.000
0.000,0.000,0.000,0.687,0.313,0.000,0.000
0.000,0.000,0.000,0.063,0.937,0.000,0.000
0.000,0.000,0.000,0.115,0.885,0.000,0.000
0.000,0.000,0.000,0.895,0.105,0.000,0.000
0.000,0.000,0.000,0.048,0.952,0.000,0.000
0.000,0.000,0.000,0.154,0.846,0.000,0.000
0.000,0.000,0.000,0.661,0.339,0.000,0.000
0.000,0.000,0.000,0.118,0.882,0.000,0.000
0.000,0.000,0.000,0.037,0.963,0.000,0.000
0.000,0.000,0.000,0.735,0.265,0.000,0.000
0.000,0.000,0.000,0.024,0.976,0.000,0.000
0.000,0.000,0.000,0.015,0.985,0.000,0.000
0.000,0.000,0.000,0.890,0.110,0.000,0.000
0.000,0.000,0.000,0.008,0.992,0.000,0.000
0.000,0.000,0.000,0.015,0.985,0.000,0.000
0.000,0.000,0.000,0.939,0.061,0.000,0.000
0.000,0.000,0.000,0.054,0.946,0.000,0.000
0.000,0.000,0.000,0.168,0.832,0.000,0.000
0.000,0.000,0.000,0.972,0.028,0.000,0.000
0.000,0.000,0.000,0.531,0.469,0.000,0.000
0.000,0.000,0.000,0.396,0.604,0.000,0.000
0.000,0.000,0.000,0.516,0.484,0.000,0.000
0.000,0.000,0.000,0.195,0.805,0.000,0.000
0.000,0.000,0.000,0.076,0.924,0.000,0.000
0.000,0.000,0.000,0.892,0.108,0.000,0.000
0.000,0.000,0.000,0.104,0.896,0.000,0.000
0.000,0.000,0.000,0.013,0.987,0.000,0.000
0.000,0.000,0.004,0.995,0.000,0.000,0.000
0.000,0.000,0.000,0.039,0.961,0.000,0.000
0.000,0.000,0.000,0.492,0.508,0.000,0.000
0.000,0.000,0.000,0.962,0.038,0.000,0.000
0.000,0.000,0.000,0.123,0.877,0.000,0.000
0.000,0.000,0.000,0.029,0.971,0.000,0.000
0.000,0.000,0.000,0.939,0.061,0.000,0.000
0.000,0.000,0.000,0.031,0.969,0.000,0.000
0.000,0.000,0.000,0.027,0.973,0.000,0.000
0.000,0.000,0.000,0.140,0.860,0.000,0.000
0.000,0.000,0.000,0.015,0.985,0.000,0.000
0.000,0.000,0.000,0.004,0.996,0.000,0.000
0.000,0.000,0.000,0.543,0.457,0.000,0.000
0.000,0.000,0.000,0.015,0.985,0.000,0.000
0.000,0.000,0.000,0.179,0.821,0.000,0.000
0.000,0.000,0.000,0.036,0.964,0.000,0.000
0.000,0.000,0.000,0.015,0.985,0.000,0.000
0.000,0.000,0.000,0.006,0.994,0.000,0.000
0.000,0.000,0.000,0.007,0.993,0.000,0.000
0.000,0.000,0.000,0.006,0.994,0.000,0.000
0.000,0.000,0.000,0.015,0.985,0.000,0.000
0.000,0.000,0.000,0.687,0.313,0.000,0.000
0.000,0.000,0.000,0.020,0.980,0.000,0.000
0.000,0.000,0.000,0.035,0.965,0.000,0.000
0.000,0.000,0.000,0.757,0.243,0.000,0.000
0.000,0.000,0.000,0.003,0.997,0.000,0.000
0.000,0.000,0.000,0.000,1.000,0.000,0.000
0.000,0.000,0.000,0.000,1.000,0.000,0.000
0.000,0.000,0.000,0.000,1.000,0.000,0.000
0.000,0.000,0.000,0.000,1.000,0.000,0.000
0.000,0.000,0.000,0.000,1.000,0.000,0.000
0.000,0.000,0.000,0.001,0.999,0.000,0.000
0.000,0.000,0.000,0.768,0.232,0.000,0.000
0.000,0.000,0.000,0.000,1.000,0.000,0.000
0.000,0.000,0.000,0.478,0.522,0.000,0.000
0.000,0.000,0.000,0.561,0.439,0.000,0.000
0.000,0.000,0.000,0.001,0.999,0.000,0.000
0.000,0.000,0.000,0.001,0.999,0.000,0.000
0.000,0.000,0.000,0.996,0.003,0.000,0.000
0.000,0.000,0.000,0.001,0.999,0.000,0.000
0.000,0.000,0.000,0.001,0.999,0.000,0.000
0.000,0.000,0.000,0.238,0.762,0.000,0.000
0.000,0.000,0.000,0.000,1.000,0.000,0.000
0.000,0.000,0.000,0.000,1.000,0.000,0.000
0.000,0.000,0.000,0.000,1.000,0.000,0.000
0.000,0.000,0.000,0.000,1.000,0.000,0.000
0.000,0.000,0.534,0.466,0.000,0.000,0.000
0.000,0.000,0.000,0.000,1.000,0.000,0.000
0.000,0.000,0.000,0.000,1.000,0.000,0.000
0.000,0.000,0.000,0.000,1.000,0.000,0.000
0.000,0.000,0.000,0.000,1.000,0.000,0.000
0.000,0.000,0.000,0.000,1.000,0.000,0.000
0.000,0.000,0.000,0.000,1.000,0.000,0.000
0.000,0.000,0.000,0.000,1.000,0.000,0.000
0.000,0.000,0.000,0.000,1.000,0.000,0.000
0.000,0.000,0.000,0.000,1.000,0.000,0.000
0.000,0.000,0.000,0.000,1.000,0.000,0.000
0.000,0.000,0.000,0.000,1.000,0.000,0.000
0.000,0.000,0.000,0.000,1.000,0.000,0.000
0.000,0.000,0.000,0.000,1.000,0.000,0.000
0.000,0.000,0.000,0.000,1.000,0.000,0.000
0.000,0.000,0.000,0.000,1.000,0.000,0.000
0.000,0.000,0.000,0.000,1.000,0.000,0.000
0.000,0.000,0.000,0.000,1.000,0.000,0.000
0.000,0.000,0.000,0.000,1.000,0.000,0.000
0.000,0.000,0.000,0.000,1.000,0.000,0.000
0.000,0.000,0.000,0.000,1.000,0.000,0.000
0.000,0.000,0.000,0.000,1.000,0.000,0.000
0.000,0.000,0.000,0.000,1.000,0.000,0.000
0.000,0.000,0.000,0.000,1.000,0.000,0.000
0.000,0.000,0.000,0.000,1.000,0.000,0.000
0.000,0.000,0.000,0.000,1.000,0.000,0.000
0.000,0.000,0.000,0.000,1.000,0.000,0.000
0.000,0.000,0.000,0.000,1.000,0.000,0.000
0.000,0.000,0.000,0.000,1.000,0.000,0.000
0.000,0.000,0.000,0.000,1.000,0.000,0.000
0.000,0.000,0.000,0.000,1.000,0.000,0.000
0.000,0.000,0.000,0.000,1.000,0.000,0.000
0.000,0.000,0.000,0.000,1.000,0.000,0.000
0.000,0.000,0.000,0.000,1.000,0.000,0.000
0.000,0.000,0.000,0.001,0.999,0.000,0.000
0.000,0.000,0.000,0.001,0.999,0.000,0.000
0.000,0.000,0.000,0.000,1.000,0.000,0.000
0.000,0.000,0.000,0.000,1.000,0.000,0.000
0.000,0.000,0.000,0.001,0.999,0.000,0.000
0.000,0.000,0.000,0.000,1.000,0.000,0.000
0.000,0.000,0.000,0.000,1.000,0.000,0.000
0.000,0.000,0.000,0.037,0.963,0.000,0.000
0.000,0.000,0.000,0.001,0.999,0.000,0.000
0.000,0.000,0.000,0.005,0.995,0.000,0.000
0.000,0.000,0.000,0.023,0.977,0.000,0.000
0.000,0.000,0.000,0.007,0.993,0.000,0.000
0.000,0.000,0.000,0.001,0.999,0.000,0.000
0.000,0.000,0.000,0.001,0.999,0.000,0.000
0.000,0.000,0.000,0.001,0.999,0.000,0.000
0.000,0.000,0.000,0.001,0.999,0.000,0.000
0.000,0.000,0.000,0.000,1.000,0.000,0.000
0.000,0.000,0.000,0.000,1.000,0.000,0.000
0.000,0.000,0.000,0.000,1.000,0.000,0.000
0.000,0.000,0.000,0.000,1.000,0.000,0.000
0.000,0.000,0.000,0.001,0.999,0.000,0.000
0.000,0.000,0.000,0.002,0.998,0.000,0.000
0.000,0.000,0.000,0.005,0.995,0.000,0.000
0.000,0.000,0.000,0.008,0.992,0.000,0.000
0.000,0.000,0.000,0.026,0.974,0.000,0.000
0.000,0.000,0.000,0.063,0.937,0.000,0.000
0.000,0.000,0.000,0.006,0.994,0.000,0.000
0.000,0.000,0.000,0.005,0.995,0.000,0.000
0.000,0.000,0.000,0.026,0.974,0.000,0.000
0.000,0.000,0.000,0.006,0.994,0.000,0.000
0.000,0.000,0.000,0.007,0.993,0.000,0.000
0.000,0.000,0.000,0.002,0.998,0.000,0.000
0.000,0.000,0.000,0.000,1.000,0.000,0.000
0.000,0.000,0.000,0.001,0.999,0.000,0.000
0.000,0.000,0.000,0.001,0.999,0.000,0.000
0.000,0.000,0.000,0.000,1.000,0.000,0.000
0.000,0.000,0.000,0.000,1.000,0.000,0.000
0.000,0.000,0.000,0.000,1.000,0.000,0.000
0.000,0.000,0.000,0.000,1.000,0.000,0.000
0.000,0.000,0.000,0.007,0.993,0.000,0.000
0.000,0.000,0.000,0.005,0.995,0.000,0.000
0.000,0.000,0.000,0.003,0.997,0.000,0.000
0.000,0.000,0.000,0.004,0.996,0.000,0.000
0.000,0.000,0.000,0.005,0.995,0.000,0.000
0.000,0.000,0.000,0.003,0.997,0.000,0.000
0.000,0.000,0.000,0.001,0.999,0.000,0.000
0.000,0.000,0.000,0.002,0.998,0.000,0.000
0.000,0.000,0.000,0.047,0.953,0.000,0.000
0.000,0.000,0.000,0.151,0.849,0.000,0.000
0.000,0.000,0.000,0.035,0.965,0.000,0.000
0.000,0.000,0.000,0.042,0.958,0.000,0.000
0.000,0.000,0.000,0.002,0.998,0.000,0.000
0.000,0.000,0.000,0.004,0.996,0.000,0.000
0.000,0.000,0.000,0.003,0.997,0.000,0.000
0.000,0.000,0.000,0.041,0.959,0.000,0.000
0.000,0.000,0.000,0.011,0.989,0.000,0.000
0.000,0.000,0.000,0.001,0.999,0.000,0.000
0.000,0.000,0.000,0.000,1.000,0.000,0.000
0.000,0.000,0.000,0.015,0.985,0.000,0.000
0.000,0.000,0.000,0.027,0.973,0.000,0.000
0.000,0.000,0.000,0.212,0.788,0.000,0.000
0.000,0.000,0.000,0.321,0.679,0.000,0.000
0.000,0.000,0.000,0.588,0.412,0.000,0.000
0.000,0.000,0.000,0.700,0.300,0.000,0.000
0.000,0.000,0.002,0.996,0.002,0.000,0.000
0.000,0.000,0.000,0.900,0.100,0.000,0.000
0.000,0.000,0.000,0.986,0.014,0.000,0.000
0.000,0.000,0.001,0.995,0.004,0.000,0.000
0.000,0.000,0.000,0.988,0.012,0.000,0.000
0.000,0.000,0.000,0.989,0.010,0.000,0.000
0.000,0.000,0.000,0.954,0.046,0.000,0.000
0.000,0.000,0.000,0.961,0.039,0.000,0.000
0.000,0.000,0.000,0.946,0.054,0.000,0.000
0.000,0.000,0.000,0.961,0.039,0.000,0.000
0.000,0.000,0.000,0.988,0.012,0.000,0.000
0.000,0.000,0.000,0.972,0.027,0.000,0.000
0.000,0.000,0.000,0.793,0.207,0.000,0.000
0.000,0.000,0.000,0.469,0.531,0.000,0.000
0.000,0.000,0.000,0.985,0.014,0.000,0.000
0.000,0.000,0.000,0.967,0.033,0.000,0.000
0.000,0.000,0.000,0.935,0.065,0.000,0.000
0.000,0.000,0.001,0.995,0.004,0.000,0.000
0.000,0.000,0.000,0.967,0.033,0.000,0.000
0.000,0.000,0.000,0.954,0.046,0.000,0.000
0.000,0.000,0.000,0.881,0.119,0.000,0.000
0.000,0.000,0.000,0.763,0.237,0.000,0.000
0.000,0.000,0.000,0.927,0.073,0.000,0.000
0.000,0.000,0.000,0.962,0.038,0.000,0.000
0.000,0.000,0.000,0.955,0.045,0.000,0.000
0.000,0.000,0.000,0.973,0.027,0.000,0.000
0.000,0.000,0.000,0.986,0.014,0.000,0.000
0.000,0.000,0.000,0.977,0.023,0.000,0.000
0.000,0.000,0.000,0.983,0.016,0.000,0.000
0.000,0.000,0.000,0.983,0.016,0.000,0.000
0.000,0.000,0.000,0.990,0.009,0.000,0.000
0.000,0.000,0.000,0.946,0.054,0.000,0.000
0.000,0.000,0.000,0.925,0.075,0.000,0.000
0.000,0.000,0.000,0.945,0.055,0.000,0.000
0.000,0.000,0.000,0.732,0.268,0.000,0.000
0.000,0.000,0.000,0.883,0.117,0.000,0.000
0.000,0.000,0.000,0.255,0.745,0.000,0.000
0.000,0.000,0.000,0.622,0.378,0.000,0.000
0.000,0.000,0.001,0.991,0.009,0.000,0.000
0.000,0.000,0.000,0.976,0.024,0.000,0.000
0.000,0.000,0.000,0.989,0.011,0.000,0.000
0.000,0.000,0.002,0.995,0.003,0.000,0.000
0.000,0.000,0.027,0.972,0.001,0.000,0.000
0.000,0.000,0.005,0.993,0.002,0.000,0.000
0.000,0.000,0.006,0.992,0.001,0.000,0.000
0.000,0.000,0.005,0.994,0.002,0.000,0.000
0.000,0.000,0.004,0.994,0.002,0.000,0.000
0.000,0.000,0.002,0.995,0.002,0.000,0.000
0.000,0.000,0.000,0.981,0.019,0.000,0.000
0.000,0.000,0.001,0.991,0.009,0.000,0.000
0.000,0.000,0.006,0.992,0.001,0.000,0.000
0.000,0.000,0.007,0.991,0.001,0.000,0.000
0.000,0.000,0.003,0.995,0.002,0.000,0.000
0.000,0.000,0.010,0.989,0.001,0.000,0.000
0.000,0.000,0.000,0.947,0.052,0.000,0.000
0.000,0.000,0.001,0.992,0.007,0.000,0.000
0.000,0.000,0.000,0.989,0.010,0.000,0.000
0.000,0.000,0.002,0.995,0.003,0.000,0.000
0.000,0.000,0.004,0.994,0.002,0.000,0.000
0.000,0.000,0.006,0.992,0.001,0.000,0.000
0.000,0.000,0.000,0.984,0.016,0.000,0.000
0.000,0.000,0.000,0.925,0.075,0.000,0.000
0.000,0.000,0.000,0.989,0.011,0.000,0.000
0.000,0.000,0.000,0.988,0.011,0.000,0.000
0.000,0.000,0.000,0.984,0.016,0.000,0.000
0.000,0.000,0.000,0.986,0.014,0.000,0.000
0.000,0.000,0.000,0.967,0.032,0.000,0.000
0.000,0.000,0.000,0.973,0.027,0.000,0.000
0.000,0.000,0.000,0.961,0.039,0.000,0.000
0.000,0.000,0.004,0.994,0.002,0.000,0.000
0.000,0.000,0.003,0.995,0.002,0.000,0.000
0.000,0.000,0.001,0.995,0.004,0.000,0.000
0.000,0.000,0.000,0.975,0.025,0.000,0.000
0.000,0.000,0.000,0.975,0.025,0.000,0.000
0.000,0.000,0.000,0.959,0.041,0.000,0.000
0.000,0.000,0.001,0.990,0.009,0.000,0.000
0.000,0.000,0.000,0.987,0.013,0.000,0.000
0.000,0.000,0.001,0.993,0.007,0.000,0.000
0.000,0.000,0.000,0.943,0.057,0.000,0.000
0.000,0.000,0.000,0.848,0.152,0.000,0.000
0.000,0.000,0.000,0.823,0.177,0.000,0.000
0.000,0.000,0.000,0.971,0.029,0.000,0.000
0.000,0.000,0.001,0.994,0.004,0.000,0.000
0.000,0.000,0.001,0.994,0.005,0.000,0.000
0.000,0.000,0.001,0.995,0.004,0.000,0.000
0.000,0.000,0.001,0.994,0.005,0.000,0.000
0.000,0.000,0.001,0.990,0.009,0.000,0.000
0.000,0.000,0.000,0.959,0.041,0.000,0.000
0.000,0.000,0.000,0.549,0.451,0.000,0.000
0.000,0.000,0.000,0.836,0.164,0.000,0.000
0.000,0.000,0.000,0.943,0.057,0.000,0.000
0.000,0.000,0.000,0.942,0.058,0.000,0.000
0.000,0.000,0.000,0.920,0.080,0.000,0.000
0.000,0.000,0.000,0.889,0.111,0.000,0.000
0.000,0.000,0.000,0.951,0.049,0.000,0.000
0.000,0.000,0.000,0.979,0.021,0.000,0.000
0.000,0.000,0.000,0.907,0.093,0.000,0.000
0.000,0.000,0.000,0.700,0.300,0.000,0.000
0.000,0.000,0.000,0.906,0.094,0.000,0.000
0.000,0.000,0.000,0.951,0.049,0.000,0.000
0.000,0.000,0.000,0.965,0.034,0.000,0.000
0.000,0.000,0.000,0.951,0.049,0.000,0.000
0.000,0.000,0.000,0.796,0.204,0.000,0.000
0.000,0.000,0.000,0.734,0.266,0.000,0.000
0.000,0.000,0.000,0.733,0.267,0.000,0.000
0.000,0.000,0.000,0.619,0.381,0.000,0.000
0.000,0.000,0.000,0.966,0.034,0.000,0.000
0.000,0.000,0.000,0.960,0.040,0.000,0.000
0.000,0.000,0.000,0.920,0.080,0.000,0.000
0.000,0.000,0.000,0.869,0.131,0.000,0.000
0.000,0.000,0.000,0.888,0.112,0.000,0.000
0.000,0.000,0.000,0.869,0.131,0.000,0.000
0.000,0.000,0.000,0.766,0.234,0.000,0.000
0.000,0.000,0.000,0.619,0.381,0.000,0.000
0.000,0.000,0.000,0.494,0.506,0.000,0.000
0.000,0.000,0.000,0.823,0.177,0.000,0.000
0.000,0.000,0.000,0.944,0.056,0.000,0.000
0.000,0.000,0.002,0.995,0.003,0.000,0.000
0.000,0.000,0.000,0.988,0.011,0.000,0.000
0.000,0.000,0.014,0.985,0.001,0.000,0.000
0.000,0.000,0.012,0.987,0.001,0.000,0.000
0.000,0.000,0.000,0.933,0.067,0.000,0.000
0.000,0.000,0.000,0.977,0.022,0.000,0.000
0.000,0.000,0.001,0.992,0.007,0.000,0.000
0.000,0.000,0.001,0.994,0.005,0.000,0.000
0.000,0.000,0.000,0.974,0.026,0.000,0.000
0.000,0.000,0.000,0.915,0.085,0.000,0.000
0.000,0.000,0.000,0.808,0.192,0.000,0.000
0.000,0.000,0.000,0.745,0.255,0.000,0.000
0.000,0.000,0.000,0.834,0.166,0.000,0.000
0.000,0.000,0.000,0.928,0.072,0.000,0.000
0.000,0.000,0.000,0.927,0.072,0.000,0.000
0.000,0.000,0.000,0.852,0.148,0.000,0.000
0.000,0.000,0.000,0.449,0.551,0.000,0.000
0.000,0.000,0.000,0.945,0.055,0.000,0.000
0.000,0.000,0.000,0.454,0.546,0.000,0.000
0.000,0.000,0.000,0.739,0.261,0.000,0.000
0.000,0.000,0.000,0.987,0.013,0.000,0.000
0.000,0.000,0.000,0.770,0.230,0.000,0.000
0.000,0.000,0.000,0.578,0.422,0.000,0.000
0.000,0.000,0.000,0.851,0.149,0.000,0.000
0.000,0.000,0.000,0.672,0.328,0.000,0.000
0.000,0.000,0.000,0.956,0.044,0.000,0.000
0.000,0.000,0.002,0.996,0.003,0.000,0.000
0.000,0.000,0.000,0.980,0.020,0.000,0.000
0.000,0.000,0.000,0.944,0.056,0.000,0.000
0.000,0.000,0.000,0.943,0.057,0.000,0.000
0.000,0.000,0.000,0.915,0.085,0.000,0.000
0.000,0.000,0.000,0.949,0.051,0.000,0.000
0.000,0.000,0.000,0.971,0.029,0.000,0.000
0.000,0.000,0.000,0.966,0.034,0.000,0.000
0.000,0.000,0.000,0.990,0.010,0.000,0.000
0.000,0.000,0.000,0.981,0.019,0.000,0.000
0.000,0.000,0.000,0.973,0.027,0.000,0.000
0.000,0.000,0.000,0.983,0.017,0.000,0.000
0.000,0.000,0.000,0.921,0.079,0.000,0.000
0.000,0.000,0.000,0.942,0.058,0.000,0.000
0.000,0.000,0.000,0.767,0.233,0.000,0.000
0.000,0.000,0.000,0.825,0.175,0.000,0.000
0.000,0.000,0.000,0.831,0.169,0.000,0.000
0.000,0.000,0.000,0.960,0.040,0.000,0.000
0.000,0.000,0.000,0.967,0.033,0.000,0.000
0.000,0.000,0.000,0.981,0.019,0.000,0.000
0.000,0.000,0.000,0.960,0.040,0.000,0.000
0.000,0.000,0.000,0.943,0.057,0.000,0.000
0.000,0.000,0.000,0.782,0.218,0.000,0.000
0.000,0.000,0.000,0.959,0.040,0.000,0.000
0.000,0.000,0.000,0.932,0.068,0.000,0.000
0.000,0.000,0.000,0.901,0.098,0.000,0.000
0.000,0.000,0.000,0.496,0.504,0.000,0.000
0.000,0.000,0.000,0.707,0.293,0.000,0.000
0.000,0.000,0.000,0.921,0.079,0.000,0.000
0.000,0.000,0.000,0.905,0.095,0.000,0.000
0.000,0.000,0.000,0.588,0.412,0.000,0.000
0.000,0.000,0.000,0.319,0.681,0.000,0.000
0.000,0.000,0.000,0.969,0.031,0.000,0.000
0.000,0.000,0.000,0.437,0.563,0.000,0.000
0.000,0.000,0.000,0.856,0.144,0.000,0.000
0.000,0.000,0.000,0.832,0.168,0.000,0.000
0.000,0.000,0.000,0.957,0.043,0.000,0.000
0.000,0.000,0.000,0.707,0.293,0.000,0.000
0.000,0.000,0.000,0.321,0.679,0.000,0.000
0.000,0.000,0.000,0.190,0.810,0.000,0.000
0.000,0.000,0.000,0.165,0.835,0.000,0.000
0.000,0.000,0.000,0.700,0.300,0.000,0.000
0.000,0.000,0.000,0.883,0.117,0.000,0.000
0.000,0.000,0.000,0.951,0.049,0.000,0.000
0.000,0.000,0.000,0.834,0.166,0.000,0.000
0.000,0.000,0.000,0.833,0.167,0.000,0.000
0.000,0.000,0.000,0.930,0.070,0.000,0.000
0.000,0.000,0.000,0.977,0.023,0.000,0.000
0.000,0.000,0.000,0.971,0.029,0.000,0.000
0.000,0.000,0.000,0.661,0.339,0.000,0.000
0.000,0.000,0.000,0.613,0.387,0.000,0.000
0.000,0.000,0.000,0.762,0.238,0.000,0.000
0.000,0.000,0.000,0.793,0.207,0.000,0.000
0.000,0.000,0.000,0.987,0.013,0.000,0.000
0.000,0.000,0.000,0.703,0.297,0.000,0.000
0.000,0.000,0.000,0.918,0.082,0.000,0.000
0.000,0.000,0.000,0.780,0.220,0.000,0.000
0.000,0.000,0.000,0.844,0.156,0.000,0.000
0.000,0.000,0.000,0.922,0.078,0.000,0.000
0.000,0.000,0.000,0.984,0.016,0.000,0.000
0.000,0.000,0.000,0.985,0.014,0.000,0.000
0.000,0.000,0.000,0.853,0.147,0.000,0.000
0.000,0.000,0.000,0.898,0.102,0.000,0.000
0.000,0.000,0.000,0.901,0.099,0.000,0.000
0.000,0.000,0.000,0.922,0.078,0.000,0.000
0.000,0.000,0.000,0.850,0.150,0.000,0.000
0.000,0.000,0.000,0.910,0.090,0.000,0.000
0.000,0.000,0.000,0.848,0.152,0.000,0.000
0.000,0.000,0.000,0.971,0.029,0.000,0.000
0.000,0.000,0.000,0.855,0.145,0.000,0.000
0.000,0.000,0.000,0.765,0.235,0.000,0.000
0.000,0.000,0.000,0.642,0.358,0.000,0.000
0.000,0.000,0.000,0.512,0.488,0.000,0.000
0.000,0.000,0.000,0.509,0.491,0.000,0.000
0.000,0.000,0.000,0.787,0.213,0.000,0.000
0.000,0.000,0.000,0.751,0.249,0.000,0.000
0.000,0.000,0.000,0.755,0.245,0.000,0.000
0.000,0.000,0.000,0.383,0.617,0.000,0.000
0.000,0.000,0.000,0.209,0.791,0.000,0.000
0.000,0.000,0.000,0.463,0.537,0.000,0.000
0.000,0.000,0.000,0.422,0.578,0.000,0.000
0.000,0.000,0.000,0.479,0.521,0.000,0.000
0.000,0.000,0.000,0.620,0.380,0.000,0.000
0.000,0.000,0.000,0.774,0.226,0.000,0.000
0.000,0.000,0.000,0.620,0.380,0.000,0.000
0.000,0.000,0.000,0.396,0.604,0.000,0.000
0.000,0.000,0.000,0.396,0.604,0.000,0.000
0.000,0.000,0.000,0.568,0.432,0.000,0.000
0.000,0.000,0.000,0.383,0.617,0.000,0.000
0.000,0.000,0.000,0.384,0.616,0.000,0.000
0.000,0.000,0.000,0.379,0.621,0.000,0.000
0.000,0.000,0.000,0.630,0.370,0.000,0.000
0.000,0.000,0.000,0.677,0.323,0.000,0.000
0.000,0.000,0.000,0.786,0.214,0.000,0.000
0.000,0.000,0.000,0.845,0.155,0.000,0.000
0.000,0.000,0.000,0.819,0.181,0.000,0.000
0.000,0.000,0.000,0.942,0.058,0.000,0.000
0.000,0.000,0.000,0.924,0.076,0.000,0.000
0.000,0.000,0.000,0.995,0.005,0.000,0.000
0.000,0.000,0.000,0.936,0.064,0.000,0.000
0.000,0.000,0.000,0.821,0.179,0.000,0.000
0.000,0.000,0.000,0.500,0.500,0.000,0.000
0.000,0.000,0.000,0.748,0.252,0.000,0.000
0.000,0.000,0.000,0.749,0.251,0.000,0.000
0.000,0.000,0.000,0.948,0.052,0.000,0.000
0.000,0.000,0.000,0.457,0.543,0.000,0.000
0.000,0.000,0.000,0.505,0.495,0.000,0.000
0.000,0.000,0.000,0.795,0.205,0.000,0.000
0.000,0.000,0.000,0.548,0.452,0.000,0.000
0.000,0.000,0.000,0.454,0.546,0.000,0.000
0.000,0.000,0.000,0.634,0.366,0.000,0.000
0.000,0.000,0.000,0.756,0.244,0.000,0.000
0.000,0.000,0.000,0.680,0.320,0.000,0.000
0.000,0.000,0.000,0.195,0.805,0.000,0.000
0.000,0.000,0.000,0.504,0.496,0.000,0.000
0.000,0.000,0.000,0.597,0.403,0.000,0.000
0.000,0.000,0.000,0.959,0.041,0.000,0.000
0.000,0.000,0.000,0.950,0.050,0.000,0.000
0.000,0.000,0.000,0.896,0.104,0.000,0.000
0.000,0.000,0.000,0.330,0.670,0.000,0.000
0.000,0.000,0.000,0.194,0.806,0.000,0.000
0.000,0.000,0.000,0.193,0.807,0.000,0.000
0.000,0.000,0.000,0.987,0.013,0.000,0.000
0.000,0.000,0.000,0.998,0.002,0.000,0.000
0.000,0.000,0.000,0.998,0.002,0.000,0.000
0.000,0.000,0.000,0.723,0.277,0.000,0.000
0.000,0.000,0.000,0.894,0.106,0.000,0.000
0.000,0.000,0.000,0.996,0.004,0.000,0.000
0.000,0.000,0.000,0.993,0.007,0.000,0.000
0.000,0.000,0.000,0.972,0.028,0.000,0.000
0.000,0.000,0.000,0.827,0.173,0.000,0.000
0.000,0.000,0.000,0.795,0.205,0.000,0.000
0.000,0.000,0.000,0.688,0.312,0.000,0.000
0.000,0.000,0.000,0.960,0.040,0.000,0.000
0.000,0.000,0.000,0.990,0.010,0.000,0.000
0.000,0.000,0.000,0.981,0.019,0.000,0.000
0.000,0.000,0.000,0.992,0.007,0.000,0.000
0.000,0.000,0.000,0.770,0.230,0.000,0.000
0.000,0.000,0.000,0.975,0.025,0.000,0.000
0.000,0.000,0.000,0.606,0.394,0.000,0.000
0.000,0.000,0.000,0.005,0.995,0.000,0.000
0.000,0.000,0.000,0.000,1.000,0.000,0.000
0.000,0.000,0.000,0.000,1.000,0.000,0.000
0.000,0.000,0.000,0.000,1.000,0.000,0.000
0.000,0.000,0.000,0.000,1.000,0.000,0.000
0.000,0.000,0.000,0.000,1.000,0.000,0.000
0.000,0.000,0.000,0.000,1.000,0.000,0.000
0.000,0.000,0.000,0.002,0.998,0.000,0.000
0.000,0.000,0.000,0.000,1.000,0.000,0.000
0.000,0.000,0.000,0.000,1.000,0.000,0.000
0.000,0.000,0.000,0.000,1.000,0.000,0.000
0.000,0.000,0.000,0.000,1.000,0.000,0.000
0.000,0.000,0.000,0.000,1.000,0.000,0.000
0.000,0.000,0.000,0.001,0.999,0.000,0.000
0.000,0.000,0.000,0.474,0.526,0.000,0.000
0.000,0.000,0.000,0.012,0.988,0.000,0.000
0.000,0.000,0.000,0.005,0.995,0.000,0.000
0.000,0.000,0.000,0.171,0.829,0.000,0.000
0.000,0.000,0.000,0.934,0.066,0.000,0.000
0.000,0.000,0.000,0.050,0.950,0.000,0.000
0.000,0.000,0.000,0.145,0.855,0.000,0.000
0.000,0.000,0.000,0.195,0.805,0.000,0.000
0.000,0.000,0.000,0.665,0.335,0.000,0.000
0.000,0.000,0.000,0.973,0.027,0.000,0.000
0.000,0.000,0.000,0.996,0.004,0.000,0.000
0.000,0.000,0.000,0.967,0.033,0.000,0.000
0.000,0.000,0.000,0.977,0.023,0.000,0.000
0.000,0.000,0.005,0.995,0.000,0.000,0.000
0.000,0.000,0.000,0.989,0.011,0.000,0.000
0.000,0.000,0.000,0.997,0.003,0.000,0.000
0.000,0.000,0.001,0.999,0.001,0.000,0.000
0.000,0.000,0.000,0.995,0.005,0.000,0.000
0.000,0.000,0.000,0.998,0.002,0.000,0.000
0.000,0.000,0.001,0.998,0.000,0.000,0.000
0.000,0.000,0.001,0.998,0.001,0.000,0.000
0.000,0.000,0.004,0.995,0.000,0.000,0.000
0.000,0.000,0.011,0.989,0.000,0.000,0.000
0.000,0.000,0.001,0.998,0.001,0.000,0.000
0.000,0.000,0.001,0.998,0.001,0.000,0.000
0.000,0.000,0.014,0.986,0.000,0.000,0.000
0.000,0.000,0.001,0.998,0.001,0.000,0.000
0.000,0.000,0.000,0.988,0.011,0.000,0.000
0.000,0.000,0.000,0.995,0.005,0.000,0.000
0.000,0.000,0.000,0.997,0.003,0.000,0.000
0.000,0.000,0.000,0.994,0.006,0.000,0.000
0.000,0.000,0.023,0.977,0.000,0.000,0.000
0.000,0.000,0.001,0.998,0.001,0.000,0.000
0.000,0.000,0.080,0.920,0.000,0.000,0.000
0.000,0.000,0.001,0.998,0.001,0.000,0.000
0.000,0.000,0.003,0.997,0.000,0.000,0.000
0.000,0.000,0.016,0.983,0.000,0.000,0.000
0.000,0.000,0.821,0.179,0.000,0.000,0.000
0.000,0.000,0.023,0.977,0.000,0.000,0.000
0.000,0.000,0.017,0.983,0.000,0.000,0.000
0.000,0.000,0.298,0.702,0.000,0.000,0.000
0.000,0.000,0.058,0.942,0.000,0.000,0.000
0.000,0.000,0.119,0.881,0.000,0.000,0.000
0.000,0.000,0.195,0.805,0.000,0.000,0.000
0.000,0.000,0.280,0.720,0.000,0.000,0.000
0.000,0.000,0.323,0.677,0.000,0.000,0.000
0.000,0.000,0.773,0.227,0.000,0.000,0.000
0.000,0.000,0.172,0.828,0.000,0.000,0.000
0.000,0.000,0.052,0.948,0.000,0.000,0.000
0.000,0.000,0.040,0.959,0.000,0.000,0.000
0.000,0.000,0.041,0.959,0.000,0.000,0.000
0.000,0.000,0.116,0.884,0.000,0.000,0.000
0.000,0.000,0.329,0.671,0.000,0.000,0.000
0.000,0.000,0.408,0.592,0.000,0.000,0.000
0.000,0.000,0.172,0.828,0.000,0.000,0.000
0.000,0.000,0.453,0.547,0.000,0.000,0.000
0.000,0.000,0.113,0.886,0.000,0.000,0.000
0.000,0.000,0.099,0.901,0.000,0.000,0.000
0.000,0.000,0.649,0.351,0.000,0.000,0.000
0.000,0.000,0.277,0.723,0.000,0.000,0.000
0.000,0.000,0.230,0.770,0.000,0.000,0.000
0.000,0.000,0.001,0.999,0.000,0.000,0.000
0.000,0.000,0.009,0.991,0.000,0.000,0.000
0.000,0.000,0.002,0.998,0.000,0.000,0.000
0.000,0.000,0.004,0.996,0.000,0.000,0.000
0.000,0.000,0.066,0.934,0.000,0.000,0.000
0.000,0.000,0.092,0.908,0.000,0.000,0.000
0.000,0.000,0.061,0.939,0.000,0.000,0.000
0.000,0.000,0.027,0.973,0.000,0.000,0.000
0.000,0.000,0.036,0.964,0.000,0.000,0.000
0.000,0.000,0.028,0.972,0.000,0.000,0.000
0.000,0.000,0.079,0.921,0.000,0.000,0.000
0.000,0.000,0.023,0.977,0.000,0.000,0.000
0.000,0.000,0.004,0.996,0.000,0.000,0.000
0.000,0.000,0.002,0.998,0.000,0.000,0.000
0.000,0.000,0.003,0.997,0.000,0.000,0.000
0.000,0.000,0.005,0.995,0.000,0.000,0.000
0.000,0.000,0.050,0.950,0.000,0.000,0.000
0.000,0.000,0.050,0.950,0.000,0.000,0.000
0.000,0.000,0.009,0.991,0.000,0.000,0.000
0.000,0.000,0.012,0.988,0.000,0.000,0.000
0.000,0.000,0.062,0.938,0.000,0.000,0.000
0.000,0.000,0.546,0.454,0.000,0.000,0.000
0.000,0.000,0.216,0.784,0.000,0.000,0.000
0.000,0.000,0.041,0.958,0.000,0.000,0.000
0.000,0.000,0.610,0.390,0.000,0.000,0.000
0.000,0.000,0.588,0.412,0.000,0.000,0.000
0.000,0.000,0.751,0.249,0.000,0.000,0.000
0.000,0.000,0.160,0.840,0.000,0.000,0.000
0.000,0.000,0.526,0.474,0.000,0.000,0.000
0.000,0.000,0.779,0.221,0.000,0.000,0.000
0.000,0.000,0.207,0.792,0.000,0.000,0.000
0.000,0.000,0.060,0.940,0.000,0.000,0.000
0.000,0.000,0.160,0.840,0.000,0.000,0.000
0.000,0.000,0.012,0.987,0.001,0.000,0.000
0.000,0.000,0.369,0.631,0.000,0.000,0.000
0.000,0.000,0.183,0.817,0.000,0.000,0.000
0.000,0.000,0.039,0.961,0.000,0.000,0.000
0.000,0.000,0.070,0.930,0.000,0.000,0.000
0.000,0.000,0.061,0.939,0.000,0.000,0.000
0.000,0.000,0.033,0.966,0.000,0.000,0.000
0.000,0.000,0.018,0.981,0.001,0.000,0.000
0.000,0.000,0.161,0.839,0.000,0.000,0.000
0.000,0.000,0.235,0.765,0.000,0.000,0.000
0.000,0.000,0.370,0.630,0.000,0.000,0.000
0.000,0.000,0.069,0.931,0.000,0.000,0.000
0.000,0.000,0.106,0.894,0.000,0.000,0.000
0.000,0.000,0.069,0.930,0.000,0.000,0.000
0.000,0.000,0.038,0.961,0.000,0.000,0.000
0.000,0.000,0.069,0.931,0.000,0.000,0.000
0.000,0.000,0.070,0.930,0.000,0.000,0.000
0.000,0.000,0.018,0.981,0.000,0.000,0.000
0.000,0.000,0.001,0.996,0.003,0.000,0.000
0.000,0.000,0.011,0.988,0.000,0.000,0.000
0.000,0.000,0.001,0.995,0.004,0.000,0.000
0.000,0.000,0.016,0.984,0.000,0.000,0.000
0.000,0.000,0.031,0.969,0.000,0.000,0.000
0.000,0.000,0.016,0.984,0.001,0.000,0.000
0.000,0.000,0.007,0.992,0.001,0.000,0.000
0.000,0.000,0.018,0.982,0.000,0.000,0.000
0.000,0.000,0.009,0.990,0.001,0.000,0.000
0.000,0.000,0.002,0.995,0.004,0.000,0.000
0.000,0.000,0.009,0.990,0.001,0.000,0.000
0.000,0.000,0.012,0.988,0.001,0.000,0.000
0.000,0.000,0.006,0.993,0.001,0.000,0.000
0.000,0.000,0.047,0.953,0.000,0.000,0.000
0.000,0.000,0.012,0.988,0.001,0.000,0.000
0.000,0.000,0.054,0.946,0.000,0.000,0.000
0.000,0.000,0.027,0.973,0.000,0.000,0.000
0.000,0.000,0.047,0.953,0.000,0.000,0.000
0.000,0.000,0.016,0.984,0.001,0.000,0.000
0.000,0.000,0.003,0.995,0.002,0.000,0.000
0.000,0.000,0.006,0.993,0.001,0.000,0.000
0.000,0.000,0.001,0.990,0.009,0.000,0.000
0.000,0.000,0.006,0.993,0.001,0.000,0.000
0.000,0.000,0.003,0.995,0.002,0.000,0.000
0.000,0.000,0.001,0.993,0.006,0.000,0.000
0.000,0.000,0.062,0.938,0.000,0.000,0.000
0.000,0.000,0.016,0.984,0.000,0.000,0.000
0.000,0.000,0.061,0.939,0.000,0.000,0.000
0.000,0.000,0.001,0.994,0.005,0.000,0.000
0.000,0.000,0.002,0.996,0.002,0.000,0.000
0.000,0.000,0.000,0.981,0.019,0.000,0.000
0.000,0.000,0.003,0.996,0.002,0.000,0.000
0.000,0.000,0.001,0.996,0.003,0.000,0.000
0.000,0.000,0.003,0.995,0.001,0.000,0.000
0.000,0.000,0.004,0.995,0.001,0.000,0.000
0.000,0.000,0.008,0.992,0.001,0.000,0.000
0.000,0.000,0.004,0.994,0.001,0.000,0.000
0.000,0.000,0.546,0.454,0.000,0.000,0.000
0.000,0.000,0.047,0.953,0.000,0.000,0.000
0.000,0.000,0.054,0.945,0.000,0.000,0.000
0.000,0.000,0.015,0.984,0.000,0.000,0.000
0.000,0.000,0.023,0.976,0.000,0.000,0.000
0.000,0.000,0.031,0.969,0.000,0.000,0.000
0.000,0.000,0.027,0.973,0.000,0.000,0.000
0.000,0.000,0.159,0.841,0.000,0.000,0.000
0.000,0.000,0.108,0.892,0.000,0.000,0.000
0.000,0.000,0.003,0.996,0.001,0.000,0.000
0.000,0.000,0.004,0.995,0.001,0.000,0.000
0.000,0.000,0.000,0.965,0.035,0.000,0.000
0.000,0.000,0.020,0.979,0.000,0.000,0.000
0.000,0.000,0.031,0.969,0.000,0.000,0.000
0.000,0.000,0.002,0.996,0.003,0.000,0.000
0.000,0.000,0.008,0.992,0.001,0.000,0.000
0.000,0.000,0.006,0.994,0.001,0.000,0.000
0.000,0.000,0.008,0.992,0.001,0.000,0.000
0.000,0.000,0.013,0.986,0.000,0.000,0.000
0.000,0.000,0.072,0.928,0.000,0.000,0.000
0.000,0.000,0.072,0.928,0.000,0.000,0.000
0.000,0.000,0.072,0.928,0.000,0.000,0.000
0.000,0.000,0.041,0.959,0.000,0.000,0.000
0.000,0.000,0.041,0.959,0.000,0.000,0.000
0.000,0.000,0.009,0.991,0.001,0.000,0.000
0.000,0.000,0.727,0.273,0.000,0.000,0.000
0.000,0.000,0.726,0.274,0.000,0.000,0.000
0.000,0.000,0.006,0.993,0.001,0.000,0.000
0.000,0.000,0.003,0.995,0.001,0.000,0.000
0.000,0.000,0.004,0.995,0.001,0.000,0.000
0.000,0.000,0.003,0.996,0.001,0.000,0.000
0.000,0.000,0.003,0.996,0.001,0.000,0.000
0.000,0.000,0.003,0.996,0.001,0.000,0.000
0.000,0.000,0.012,0.988,0.000,0.000,0.000
0.000,0.000,0.006,0.993,0.001,0.000,0.000
0.000,0.000,0.009,0.991,0.001,0.000,0.000
0.000,0.000,0.229,0.771,0.000,0.000,0.000
0.000,0.000,0.023,0.976,0.000,0.000,0.000
0.000,0.000,0.010,0.989,0.001,0.000,0.000
0.000,0.000,0.007,0.993,0.001,0.000,0.000
0.000,0.000,0.009,0.991,0.001,0.000,0.000
0.000,0.000,0.015,0.985,0.000,0.000,0.000
0.000,0.000,0.007,0.992,0.001,0.000,0.000
0.000,0.000,0.004,0.995,0.001,0.000,0.000
0.000,0.000,0.002,0.996,0.002,0.000,0.000
0.000,0.000,0.002,0.996,0.002,0.000,0.000
0.000,0.000,0.001,0.995,0.003,0.000,0.000
0.000,0.000,0.004,0.995,0.001,0.000,0.000
0.000,0.000,0.140,0.860,0.000,0.000,0.000
0.000,0.000,0.041,0.959,0.000,0.000,0.000
0.000,0.000,0.005,0.994,0.001,0.000,0.000
0.000,0.000,0.015,0.984,0.000,0.000,0.000
0.000,0.000,0.017,0.983,0.000,0.000,0.000
0.000,0.000,0.068,0.932,0.000,0.000,0.000
0.000,0.000,0.089,0.910,0.000,0.000,0.000
0.000,0.000,0.173,0.827,0.000,0.000,0.000
0.000,0.000,0.224,0.776,0.000,0.000,0.000
0.000,0.000,0.059,0.941,0.000,0.000,0.000
0.000,0.000,0.025,0.974,0.000,0.000,0.000
0.000,0.000,0.014,0.985,0.000,0.000,0.000
0.000,0.000,0.032,0.968,0.000,0.000,0.000
0.000,0.000,0.250,0.750,0.000,0.000,0.000
0.000,0.000,0.281,0.719,0.000,0.000,0.000
0.000,0.000,0.088,0.912,0.000,0.000,0.000
0.000,0.000,0.220,0.780,0.000,0.000,0.000
0.000,0.000,0.248,0.752,0.000,0.000,0.000
0.000,0.000,0.068,0.931,0.000,0.000,0.000
0.000,0.000,0.029,0.971,0.000,0.000,0.000
0.000,0.000,0.016,0.984,0.000,0.000,0.000
0.000,0.000,0.016,0.984,0.000,0.000,0.000
0.000,0.000,0.038,0.962,0.000,0.000,0.000
0.000,0.000,0.029,0.971,0.000,0.000,0.000
0.000,0.000,0.345,0.655,0.000,0.000,0.000
0.000,0.000,0.247,0.753,0.000,0.000,0.000
0.000,0.000,0.277,0.722,0.000,0.000,0.000
0.000,0.000,0.183,0.817,0.000,0.000,0.000
0.000,0.000,0.212,0.788,0.000,0.000,0.000
0.000,0.000,0.781,0.219,0.000,0.000,0.000
0.000,0.000,0.029,0.971,0.000,0.000,0.000
0.000,0.000,0.016,0.984,0.001,0.000,0.000
0.000,0.000,0.006,0.993,0.001,0.000,0.000
0.000,0.000,0.034,0.966,0.000,0.000,0.000
0.000,0.000,0.033,0.966,0.000,0.000,0.000
0.000,0.000,0.038,0.961,0.000,0.000,0.000
0.000,0.000,0.370,0.630,0.000,0.000,0.000
0.000,0.000,0.778,0.222,0.000,0.000,0.000
0.000,0.000,0.852,0.148,0.000,0.000,0.000
0.000,0.000,0.681,0.319,0.000,0.000,0.000
0.000,0.000,0.872,0.128,0.000,0.000,0.000
0.000,0.000,0.448,0.552,0.000,0.000,0.000
0.000,0.000,0.369,0.631,0.000,0.000,0.000
0.000,0.000,0.333,0.667,0.000,0.000,0.000
0.000,0.000,0.406,0.594,0.000,0.000,0.000
0.000,0.000,0.234,0.766,0.000,0.000,0.000
0.000,0.000,0.080,0.920,0.000,0.000,0.000
0.000,0.000,0.080,0.920,0.000,0.000,0.000
0.000,0.000,0.331,0.669,0.000,0.000,0.000
0.000,0.000,0.486,0.514,0.000,0.000,0.000
0.000,0.000,0.331,0.669,0.000,0.000,0.000
0.000,0.000,0.485,0.515,0.000,0.000,0.000
0.000,0.000,0.526,0.474,0.000,0.000,0.000
0.000,0.000,0.606,0.394,0.000,0.000,0.000
0.000,0.000,0.159,0.840,0.000,0.000,0.000
0.000,0.000,0.296,0.704,0.000,0.000,0.000
0.000,0.000,0.122,0.878,0.000,0.000,0.000
0.000,0.000,0.122,0.878,0.000,0.000,0.000
0.000,0.000,0.044,0.955,0.000,0.000,0.000
0.000,0.000,0.024,0.975,0.001,0.000,0.000
0.000,0.000,0.645,0.355,0.000,0.000,0.000
0.000,0.000,0.487,0.513,0.000,0.000,0.000
0.000,0.000,0.141,0.859,0.000,0.000,0.000
0.000,0.000,0.332,0.667,0.000,0.000,0.000
0.000,0.000,0.806,0.194,0.000,0.000,0.000
0.000,0.000,0.852,0.148,0.000,0.000,0.000
0.000,0.000,0.161,0.839,0.000,0.000,0.000
0.000,0.000,0.681,0.319,0.000,0.000,0.000
0.000,0.000,0.447,0.553,0.000,0.000,0.000
0.000,0.000,0.038,0.961,0.000,0.000,0.000
0.000,0.000,0.003,0.995,0.002,0.000,0.000
0.000,0.000,0.009,0.990,0.001,0.000,0.000
0.000,0.000,0.006,0.992,0.001,0.000,0.000
0.000,0.000,0.021,0.978,0.001,0.000,0.000
0.000,0.000,0.006,0.992,0.001,0.000,0.000
0.000,0.000,0.001,0.994,0.004,0.000,0.000
0.000,0.000,0.092,0.908,0.000,0.000,0.000
0.000,0.000,0.069,0.931,0.000,0.000,0.000
0.000,0.000,0.160,0.840,0.000,0.000,0.000
0.000,0.000,0.297,0.703,0.000,0.000,0.000
0.000,0.000,0.106,0.893,0.000,0.000,0.000
0.000,0.000,0.009,0.990,0.001,0.000,0.000
0.000,0.000,0.006,0.992,0.001,0.000,0.000
0.000,0.000,0.021,0.978,0.001,0.000,0.000
0.000,0.000,0.041,0.959,0.001,0.000,0.000
0.000,0.000,0.051,0.948,0.001,0.000,0.000
0.000,0.000,0.726,0.274,0.000,0.000,0.000
0.000,0.000,0.439,0.560,0.000,0.000,0.000
0.000,0.000,0.262,0.738,0.000,0.000,0.000
0.000,0.000,0.974,0.026,0.000,0.000,0.000
0.000,0.000,0.001,0.991,0.008,0.000,0.000
0.000,0.000,0.998,0.002,0.000,0.000,0.000
0.000,0.514,0.486,0.000,0.000,0.000,0.000
0.000,0.000,0.301,0.698,0.000,0.000,0.000
0.000,0.000,0.190,0.810,0.000,0.000,0.000
0.000,0.697,0.303,0.000,0.000,0.000,0.000
0.000,0.000,0.959,0.041,0.000,0.000,0.000
0.000,0.000,0.367,0.633,0.000,0.000,0.000
0.000,0.000,0.834,0.166,0.000,0.000,0.000
0.000,0.033,0.967,0.000,0.000,0.000,0.000
0.000,0.000,0.586,0.414,0.000,0.000,0.000
0.000,0.000,1.000,0.000,0.000,0.000,0.000
0.000,0.000,1.000,0.000,0.000,0.000,0.000
0.000,0.000,0.999,0.001,0.000,0.000,0.000
0.000,0.000,0.991,0.009,0.000,0.000,0.000
0.000,0.000,0.985,0.015,0.000,0.000,0.000
0.000,0.002,0.998,0.000,0.000,0.000,0.000
0.000,0.001,0.999,0.000,0.000,0.000,0.000
0.000,0.001,0.999,0.000,0.000,0.000,0.000
0.000,0.000,0.999,0.001,0.000,0.000,0.000
0.000,0.000,0.999,0.001,0.000,0.000,0.000
0.000,0.000,0.999,0.001,0.000,0.000,0.000
0.000,0.001,0.999,0.000,0.000,0.000,0.000
0.000,0.990,0.010,0.000,0.000,0.000,0.000
0.000,0.282,0.718,0.000,0.000,0.000,0.000
0.000,0.000,0.999,0.001,0.000,0.000,0.000
0.000,0.000,0.999,0.001,0.000,0.000,0.000
0.000,0.000,0.999,0.001,0.000,0.000,0.000
0.000,0.000,0.999,0.001,0.000,0.000,0.000
0.000,0.000,1.000,0.000,0.000,0.000,0.000
0.000,0.000,1.000,0.000,0.000,0.000,0.000
0.000,0.000,1.000,0.000,0.000,0.000,0.000
0.000,0.000,0.970,0.030,0.000,0.000,0.000
0.000,0.000,0.918,0.082,0.000,0.000,0.000
0.000,0.000,0.967,0.033,0.000,0.000,0.000
0.000,0.000,0.997,0.003,0.000,0.000,0.000
0.000,0.000,0.999,0.000,0.000,0.000,0.000
0.000,0.000,0.995,0.005,0.000,0.000,0.000
0.000,0.000,0.995,0.005,0.000,0.000,0.000
0.000,0.000,0.273,0.727,0.000,0.000,0.000
0.000,0.000,0.273,0.727,0.000,0.000,0.000
0.000,0.000,0.273,0.727,0.000,0.000,0.000
0.000,0.000,0.337,0.663,0.000,0.000,0.000
0.000,0.000,0.995,0.005,0.000,0.000,0.000
0.000,0.000,0.274,0.726,0.000,0.000,0.000
0.000,0.000,0.245,0.755,0.000,0.000,0.000
0.000,0.000,0.959,0.041,0.000,0.000,0.000
0.000,0.000,0.959,0.041,0.000,0.000,0.000
0.000,0.000,0.271,0.729,0.000,0.000,0.000
0.000,0.000,0.242,0.758,0.000,0.000,0.000
0.000,0.000,0.242,0.758,0.000,0.000,0.000
0.000,0.000,0.000,0.000,1.000,0.000,0.000
0.000,0.000,0.985,0.015,0.000,0.000,0.000
0.000,0.000,0.985,0.015,0.000,0.000,0.000
0.000,0.000,0.004,0.995,0.001,0.000,0.000
0.000,0.000,0.005,0.994,0.001,0.000,0.000
0.000,0.000,0.851,0.149,0.000,0.000,0.000
0.000,0.000,0.935,0.065,0.000,0.000,0.000
0.000,0.000,0.031,0.969,0.000,0.000,0.000
0.000,0.000,0.031,0.969,0.000,0.000,0.000
0.000,0.000,0.084,0.915,0.000,0.000,0.000
0.000,0.000,0.073,0.926,0.000,0.000,0.000
0.000,0.000,0.000,0.000,1.000,0.000,0.000
0.000,0.000,0.084,0.915,0.000,0.000,0.000
0.000,0.000,0.084,0.915,0.000,0.000,0.000
0.000,0.997,0.003,0.000,0.000,0.000,0.000
0.000,0.920,0.079,0.000,0.000,0.001,0.000
0.000,0.106,0.894,0.000,0.000,0.000,0.000
0.000,0.097,0.903,0.000,0.000,0.000,0.000
0.000,0.006,0.994,0.000,0.000,0.000,0.000
0.000,0.000,0.980,0.020,0.000,0.000,0.000
0.000,0.000,0.952,0.048,0.000,0.000,0.000
0.000,0.000,0.756,0.244,0.000,0.000,0.000
0.000,0.000,0.516,0.484,0.000,0.000,0.000
0.000,0.000,0.128,0.872,0.000,0.000,0.000
0.000,0.000,0.515,0.485,0.000,0.000,0.000
0.000,0.000,0.830,0.170,0.000,0.000,0.000
0.000,0.000,0.756,0.243,0.000,0.000,0.000
0.000,0.000,0.368,0.632,0.000,0.000,0.000
0.000,0.000,0.968,0.032,0.000,0.000,0.000
0.000,0.000,0.985,0.015,0.000,0.000,0.000
0.000,0.000,0.980,0.020,0.000,0.000,0.000
0.000,0.000,0.082,0.918,0.000,0.000,0.000
0.000,0.000,0.082,0.918,0.000,0.000,0.000
0.000,0.000,0.000,0.000,1.000,0.000,0.000
0.000,0.000,0.095,0.904,0.000,0.000,0.000
0.000,0.000,0.804,0.196,0.000,0.000,0.000
0.000,0.000,0.982,0.018,0.000,0.000,0.000
0.000,0.000,0.996,0.004,0.000,0.000,0.000
0.000,0.000,0.996,0.004,0.000,0.000,0.000
0.000,0.000,0.996,0.004,0.000,0.000,0.000
0.000,0.000,0.961,0.039,0.000,0.000,0.000
0.000,0.000,0.961,0.039,0.000,0.000,0.000
0.000,0.000,0.823,0.177,0.000,0.000,0.000
0.000,0.000,0.999,0.001,0.000,0.000,0.000
0.000,0.000,0.885,0.115,0.000,0.000,0.000
0.000,0.000,1.000,0.000,0.000,0.000,0.000
0.000,0.000,0.999,0.001,0.000,0.000,0.000
0.000,0.000,0.999,0.001,0.000,0.000,0.000
0.000,0.000,0.952,0.048,0.000,0.000,0.000
0.000,0.000,0.151,0.849,0.000,0.000,0.000
0.000,0.000,0.151,0.849,0.000,0.000,0.000
0.000,0.000,0.014,0.985,0.001,0.000,0.000
0.000,0.000,0.002,0.996,0.002,0.000,0.000
0.000,0.000,0.002,0.996,0.002,0.000,0.000
0.000,0.000,0.000,0.989,0.010,0.000,0.000
0.000,0.000,0.724,0.276,0.000,0.000,0.000
0.000,0.000,0.001,0.995,0.004,0.000,0.000
0.000,0.000,0.000,0.975,0.025,0.000,0.000
0.000,0.000,0.000,0.895,0.105,0.000,0.000
0.000,0.000,0.357,0.642,0.000,0.000,0.000
0.000,0.000,0.977,0.023,0.000,0.000,0.000
0.000,0.000,0.124,0.876,0.000,0.000,0.000
0.000,0.000,0.361,0.638,0.000,0.000,0.000
0.000,0.000,0.053,0.946,0.001,0.000,0.000
0.000,0.000,0.003,0.995,0.002,0.000,0.000
0.000,0.000,0.002,0.995,0.003,0.000,0.000
0.000,0.000,0.000,0.970,0.030,0.000,0.000
0.000,0.000,0.981,0.019,0.000,0.000,0.000
0.000,0.000,0.003,0.995,0.003,0.000,0.000
0.000,0.000,0.008,0.991,0.001,0.000,0.000
0.000,0.000,0.000,0.986,0.013,0.000,0.000
0.000,0.000,0.123,0.876,0.000,0.000,0.000
0.000,0.000,0.001,0.991,0.009,0.000,0.000
0.000,0.000,0.000,0.698,0.302,0.000,0.000
0.000,0.000,0.626,0.374,0.000,0.000,0.000
0.000,0.000,0.000,0.398,0.602,0.000,0.000
0.000,0.000,0.000,0.263,0.737,0.000,0.000
0.000,0.000,0.000,0.986,0.013,0.000,0.000
0.000,0.000,0.000,0.368,0.632,0.000,0.000
0.000,0.000,0.000,0.406,0.594,0.000,0.000
0.000,0.983,0.017,0.000,0.000,0.000,0.000
0.000,0.983,0.017,0.000,0.000,0.000,0.000
0.000,0.000,0.000,0.000,1.000,0.000,0.000
0.000,0.856,0.143,0.000,0.000,0.000,0.000
0.000,0.856,0.143,0.000,0.000,0.000,0.000
0.000,0.000,0.002,0.995,0.003,0.000,0.000
0.000,0.000,0.002,0.995,0.003,0.000,0.000
0.000,0.000,0.246,0.754,0.000,0.000,0.000
0.000,0.000,0.193,0.807,0.000,0.000,0.000
0.000,0.000,0.937,0.063,0.000,0.000,0.000
0.000,0.000,0.668,0.332,0.000,0.000,0.000
0.000,0.000,0.641,0.358,0.000,0.000,0.000
0.000,0.000,0.863,0.137,0.000,0.000,0.000
0.000,0.000,0.863,0.137,0.000,0.000,0.000
0.000,0.000,0.881,0.119,0.000,0.000,0.000
0.000,0.000,0.999,0.001,0.000,0.000,0.000
0.000,0.822,0.176,0.000,0.000,0.001,0.000
0.000,0.000,0.998,0.002,0.000,0.000,0.000
0.000,0.000,0.367,0.633,0.000,0.000,0.000
0.000,0.000,0.000,0.000,1.000,0.000,0.000
0.000,0.000,0.307,0.693,0.000,0.000,0.000
0.000,0.000,0.308,0.692,0.000,0.000,0.000
0.000,0.000,0.978,0.022,0.000,0.000,0.000
0.000,0.000,0.978,0.022,0.000,0.000,0.000
0.000,0.000,0.000,0.279,0.721,0.000,0.000
0.000,0.000,0.999,0.001,0.000,0.000,0.000
0.000,0.000,0.000,0.393,0.607,0.000,0.000
0.000,0.000,0.000,0.998,0.002,0.000,0.000
0.000,0.000,0.039,0.961,0.000,0.000,0.000
0.000,0.000,0.960,0.040,0.000,0.000,0.000
0.000,0.000,0.999,0.001,0.000,0.000,0.000
0.000,0.000,0.913,0.087,0.000,0.000,0.000
0.000,0.000,0.169,0.830,0.000,0.000,0.000
0.000,0.000,0.030,0.970,0.000,0.000,0.000
0.000,0.000,0.007,0.993,0.000,0.000,0.000
0.000,0.000,0.002,0.997,0.001,0.000,0.000
0.000,0.000,0.009,0.990,0.000,0.000,0.000
0.000,0.000,0.262,0.738,0.000,0.000,0.000
0.000,0.000,0.118,0.882,0.000,0.000,0.000
0.000,0.000,0.048,0.952,0.000,0.000,0.000
0.000,0.000,0.057,0.943,0.000,0.000,0.000
0.000,0.000,0.014,0.985,0.000,0.000,0.000
0.000,0.000,0.000,0.972,0.028,0.000,0.000
0.000,0.000,0.000,0.053,0.947,0.000,0.000
0.000,0.000,0.000,0.053,0.947,0.000,0.000
0.000,0.000,0.000,0.923,0.077,0.000,0.000
0.000,0.000,0.000,0.988,0.012,0.000,0.000
0.000,0.000,0.002,0.997,0.001,0.000,0.000
0.000,0.000,0.128,0.872,0.000,0.000,0.000
0.000,0.000,0.987,0.013,0.000,0.000,0.000
0.000,0.000,0.994,0.006,0.000,0.000,0.000
0.000,0.000,0.924,0.076,0.000,0.000,0.000
0.000,0.000,1.000,0.000,0.000,0.000,0.000
0.000,0.000,0.008,0.992,0.000,0.000,0.000
0.000,0.000,0.497,0.503,0.000,0.000,0.000
0.000,0.000,0.431,0.569,0.000,0.000,0.000
0.000,0.000,0.655,0.345,0.000,0.000,0.000
0.000,0.000,0.151,0.849,0.000,0.000,0.000
0.000,0.000,0.689,0.311,0.000,0.000,0.000
0.000,0.000,0.689,0.311,0.000,0.000,0.000
0.000,0.000,0.992,0.008,0.000,0.000,0.000
0.000,0.000,0.993,0.007,0.000,0.000,0.000
0.000,0.000,0.997,0.003,0.000,0.000,0.000
0.000,0.000,0.913,0.087,0.000,0.000,0.000
0.000,0.000,0.946,0.054,0.000,0.000,0.000
0.000,0.000,1.000,0.000,0.000,0.000,0.000
0.000,0.000,0.922,0.078,0.000,0.000,0.000
0.000,0.000,0.922,0.078,0.000,0.000,0.000
0.000,0.000,0.521,0.479,0.000,0.000,0.000
0.000,0.000,0.469,0.531,0.000,0.000,0.000
0.000,0.000,0.313,0.687,0.000,0.000,0.000
0.000,0.000,0.848,0.152,0.000,0.000,0.000
0.000,0.000,0.771,0.229,0.000,0.000,0.000
0.000,0.000,0.678,0.322,0.000,0.000,0.000
0.000,0.000,0.896,0.104,0.000,0.000,0.000
0.000,0.000,0.414,0.586,0.000,0.000,0.000
0.000,0.000,0.000,0.000,1.000,0.000,0.000
0.000,0.000,0.916,0.084,0.000,0.000,0.000
0.000,0.000,0.550,0.450,0.000,0.000,0.000
0.000,0.000,0.000,0.000,1.000,0.000,0.000
0.000,0.000,0.020,0.980,0.000,0.000,0.000
0.000,0.000,0.163,0.837,0.000,0.000,0.000
0.000,0.000,0.000,0.658,0.342,0.000,0.000
0.000,0.000,0.000,0.702,0.298,0.000,0.000
0.000,0.000,0.000,0.984,0.016,0.000,0.000
0.000,0.000,0.001,0.998,0.001,0.000,0.000
0.000,0.000,0.495,0.505,0.000,0.000,0.000
0.000,0.000,0.024,0.976,0.000,0.000,0.000
0.000,0.000,0.597,0.403,0.000,0.000,0.000
0.000,0.000,0.806,0.194,0.000,0.000,0.000
0.000,0.000,0.000,0.990,0.010,0.000,0.000
0.000,0.000,0.888,0.112,0.000,0.000,0.000
0.000,0.000,0.909,0.091,0.000,0.000,0.000
0.000,0.000,0.311,0.689,0.000,0.000,0.000
0.000,0.000,0.799,0.201,0.000,0.000,0.000
0.000,0.000,0.946,0.054,0.000,0.000,0.000
0.000,0.000,0.595,0.405,0.000,0.000,0.000
0.000,0.000,0.170,0.830,0.000,0.000,0.000
0.000,0.000,1.000,0.000,0.000,0.000,0.000
0.000,0.000,0.999,0.001,0.000,0.000,0.000
0.000,0.000,0.093,0.907,0.000,0.000,0.000
0.000,0.000,0.107,0.892,0.000,0.000,0.000
0.000,0.000,0.043,0.957,0.001,0.000,0.000
0.000,0.000,0.051,0.949,0.001,0.000,0.000
0.000,0.000,0.998,0.002,0.000,0.000,0.000
0.000,0.000,0.997,0.003,0.000,0.000,0.000
0.000,0.000,0.824,0.176,0.000,0.000,0.000
0.000,0.000,0.043,0.956,0.001,0.000,0.000
0.000,0.000,1.000,0.000,0.000,0.000,0.000
0.000,0.000,1.000,0.000,0.000,0.000,0.000
0.000,0.000,0.982,0.018,0.000,0.000,0.000
0.000,0.000,0.982,0.018,0.000,0.000,0.000
0.000,0.000,0.990,0.010,0.000,0.000,0.000
0.000,0.000,0.975,0.025,0.000,0.000,0.000
0.000,0.000,1.000,0.000,0.000,0.000,0.000
0.000,0.000,1.000,0.000,0.000,0.000,0.000
0.000,0.000,1.000,0.000,0.000,0.000,0.000
0.000,0.000,0.950,0.000,0.000,0.050,0.000
0.000,0.000,1.000,0.000,0.000,0.000,0.000
0.002,0.001,0.469,0.000,0.000,0.529,0.000
0.000,0.000,1.000,0.000,0.000,0.000,0.000
0.000,0.000,1.000,0.000,0.000,0.000,0.000
0.000,0.000,1.000,0.000,0.000,0.000,0.000
0.000,0.000,1.000,0.000,0.000,0.000,0.000
0.001,0.000,0.002,0.000,0.000,0.997,0.000
0.001,0.000,0.001,0.000,0.000,0.998,0.000
0.002,0.000,0.281,0.000,0.000,0.717,0.000
0.000,0.000,0.985,0.000,0.000,0.015,0.000
0.000,0.000,0.980,0.000,0.000,0.019,0.000
0.000,0.000,1.000,0.000,0.000,0.000,0.000
0.000,0.000,1.000,0.000,0.000,0.000,0.000
0.000,0.000,1.000,0.000,0.000,0.000,0.000
0.000,0.000,1.000,0.000,0.000,0.000,0.000
0.000,0.000,0.997,0.003,0.000,0.000,0.000
0.000,0.000,0.994,0.006,0.000,0.000,0.000
0.000,0.000,0.016,0.984,0.000,0.000,0.000
0.000,0.000,0.016,0.984,0.000,0.000,0.000
0.000,0.000,1.000,0.000,0.000,0.000,0.000
0.000,0.000,1.000,0.000,0.000,0.000,0.000
0.000,0.000,1.000,0.000,0.000,0.000,0.000
0.000,0.000,1.000,0.000,0.000,0.000,0.000
0.000,0.000,0.999,0.001,0.000,0.000,0.000
0.000,0.000,0.993,0.000,0.000,0.007,0.000
0.000,0.000,0.999,0.000,0.000,0.001,0.000
0.000,0.000,1.000,0.000,0.000,0.000,0.000
0.000,0.000,0.999,0.001,0.000,0.000,0.000
0.000,0.000,0.910,0.090,0.000,0.000,0.000
0.000,0.000,0.922,0.078,0.000,0.000,0.000
0.000,0.000,0.880,0.120,0.000,0.000,0.000
0.000,0.000,0.243,0.757,0.000,0.000,0.000
0.000,0.000,1.000,0.000,0.000,0.000,0.000
0.000,0.000,0.992,0.008,0.000,0.000,0.000
0.000,0.000,0.999,0.001,0.000,0.000,0.000
0.000,0.000,0.859,0.141,0.000,0.000,0.000
0.000,0.000,0.859,0.141,0.000,0.000,0.000
0.000,0.000,0.576,0.424,0.000,0.000,0.000
0.000,0.000,0.791,0.209,0.000,0.000,0.000
0.000,0.000,0.998,0.002,0.000,0.000,0.000
0.000,0.000,1.000,0.000,0.000,0.000,0.000
0.000,0.000,1.000,0.000,0.000,0.000,0.000
0.000,0.000,1.000,0.000,0.000,0.000,0.000
0.000,0.000,1.000,0.000,0.000,0.000,0.000
0.000,0.000,1.000,0.000,0.000,0.000,0.000
0.000,0.000,1.000,0.000,0.000,0.000,0.000
0.000,0.000,1.000,0.000,0.000,0.000,0.000
0.000,0.000,1.000,0.000,0.000,0.000,0.000
0.000,0.000,1.000,0.000,0.000,0.000,0.000
0.000,0.000,1.000,0.000,0.000,0.000,0.000
0.000,0.000,1.000,0.000,0.000,0.000,0.000
0.000,0.000,1.000,0.000,0.000,0.000,0.000
0.000,0.000,1.000,0.000,0.000,0.000,0.000
0.000,0.000,1.000,0.000,0.000,0.000,0.000
0.000,0.000,1.000,0.000,0.000,0.000,0.000
0.000,0.000,1.000,0.000,0.000,0.000,0.000
0.000,0.000,1.000,0.000,0.000,0.000,0.000
0.000,0.000,1.000,0.000,0.000,0.000,0.000
0.000,0.000,1.000,0.000,0.000,0.000,0.000
0.000,0.000,1.000,0.000,0.000,0.000,0.000
0.000,0.000,1.000,0.000,0.000,0.000,0.000
0.000,0.000,0.000,0.002,0.998,0.000,0.000
0.000,0.000,0.000,0.000,1.000,0.000,0.000
0.000,0.000,0.996,0.004,0.000,0.000,0.000
0.000,0.000,0.000,0.001,0.999,0.000,0.000
0.000,0.000,0.995,0.005,0.000,0.000,0.000
0.000,0.000,0.993,0.007,0.000,0.000,0.000
0.000,0.000,0.993,0.007,0.000,0.000,0.000
0.000,0.000,1.000,0.000,0.000,0.000,0.000
0.000,0.000,0.012,0.988,0.000,0.000,0.000
0.000,0.000,1.000,0.000,0.000,0.000,0.000
0.000,0.000,1.000,0.000,0.000,0.000,0.000
0.000,0.000,0.998,0.002,0.000,0.000,0.000
0.000,0.000,0.992,0.008,0.000,0.000,0.000
0.000,0.000,0.000,0.986,0.014,0.000,0.000
0.000,0.000,0.994,0.006,0.000,0.000,0.000
0.000,0.000,0.999,0.001,0.000,0.000,0.000
0.000,0.000,0.999,0.001,0.000,0.000,0.000
0.000,0.000,0.999,0.001,0.000,0.000,0.000
0.000,0.000,0.999,0.001,0.000,0.000,0.000
0.000,0.000,0.998,0.002,0.000,0.000,0.000
0.000,0.000,1.000,0.000,0.000,0.000,0.000
0.000,0.000,1.000,0.000,0.000,0.000,0.000
0.000,0.000,1.000,0.000,0.000,0.000,0.000
0.000,0.000,1.000,0.000,0.000,0.000,0.000
0.000,0.000,0.999,0.001,0.000,0.000,0.000
0.000,0.000,1.000,0.000,0.000,0.000,0.000
0.000,0.000,1.000,0.000,0.000,0.000,0.000
0.000,0.000,1.000,0.000,0.000,0.000,0.000
0.000,0.000,1.000,0.000,0.000,0.000,0.000
0.000,0.000,1.000,0.000,0.000,0.000,0.000
0.000,0.000,0.997,0.003,0.000,0.000,0.000
0.000,0.000,0.999,0.001,0.000,0.000,0.000
0.000,0.000,0.999,0.001,0.000,0.000,0.000
0.000,0.000,0.996,0.004,0.000,0.000,0.000
0.000,0.000,0.974,0.026,0.000,0.000,0.000
0.000,0.000,0.996,0.004,0.000,0.000,0.000
0.000,0.000,1.000,0.000,0.000,0.000,0.000
0.000,0.000,0.998,0.002,0.000,0.000,0.000
0.000,0.000,0.993,0.007,0.000,0.000,0.000
0.000,0.000,0.993,0.007,0.000,0.000,0.000
0.000,0.000,0.993,0.007,0.000,0.000,0.000
0.000,0.000,0.970,0.030,0.000,0.000,0.000
0.000,0.000,0.999,0.001,0.000,0.000,0.000
0.000,0.000,1.000,0.000,0.000,0.000,0.000
0.000,0.000,1.000,0.000,0.000,0.000,0.000
0.000,0.000,1.000,0.000,0.000,0.000,0.000
0.000,0.000,1.000,0.000,0.000,0.000,0.000
0.000,0.940,0.057,0.000,0.000,0.003,0.000
0.000,0.594,0.404,0.000,0.000,0.002,0.000
0.000,0.609,0.388,0.000,0.000,0.003,0.000
0.000,0.910,0.089,0.000,0.000,0.001,0.000
0.000,0.912,0.086,0.000,0.000,0.001,0.000
0.000,0.985,0.008,0.000,0.000,0.007,0.000
0.000,0.983,0.000,0.000,0.000,0.015,0.002
0.000,0.983,0.000,0.000,0.000,0.015,0.002
0.000,0.000,0.000,0.000,1.000,0.000,0.000
0.000,0.835,0.000,0.000,0.000,0.021,0.144
0.000,0.992,0.001,0.000,0.000,0.006,0.000
0.000,0.420,0.579,0.000,0.000,0.001,0.000
0.000,0.997,0.001,0.000,0.000,0.002,0.000
0.000,0.953,0.046,0.000,0.000,0.001,0.000
0.000,0.856,0.142,0.000,0.000,0.001,0.000
0.000,0.521,0.478,0.000,0.000,0.001,0.000
0.000,0.001,0.998,0.000,0.000,0.002,0.000
0.000,0.007,0.986,0.000,0.000,0.007,0.000
0.000,0.984,0.015,0.000,0.000,0.001,0.000
0.000,0.984,0.015,0.000,0.000,0.001,0.000
0.000,0.239,0.760,0.000,0.000,0.001,0.000
0.000,0.977,0.022,0.000,0.000,0.001,0.000
0.000,0.920,0.077,0.000,0.000,0.003,0.000
0.000,0.101,0.898,0.000,0.000,0.001,0.000
0.000,0.978,0.021,0.000,0.000,0.001,0.000
0.000,0.978,0.021,0.000,0.000,0.001,0.000
0.002,0.512,0.224,0.000,0.000,0.262,0.000
0.000,0.338,0.661,0.000,0.000,0.001,0.000
0.000,0.970,0.029,0.000,0.000,0.001,0.000
0.000,0.000,0.997,0.003,0.000,0.000,0.000
0.000,0.000,0.993,0.007,0.000,0.000,0.000
0.000,0.000,1.000,0.000,0.000,0.000,0.000
0.000,0.000,0.000,0.000,1.000,0.000,0.000
0.000,0.000,0.000,0.000,1.000,0.000,0.000
0.000,0.000,0.000,0.000,1.000,0.000,0.000
0.000,0.000,0.000,0.000,1.000,0.000,0.000
0.000,0.000,0.000,0.000,1.000,0.000,0.000
0.000,0.000,0.000,0.000,1.000,0.000,0.000
0.000,0.000,0.000,0.000,1.000,0.000,0.000
0.000,0.000,0.000,0.000,1.000,0.000,0.000
0.000,0.000,0.000,0.000,1.000,0.000,0.000
0.000,0.000,0.000,0.000,1.000,0.000,0.000
0.000,0.000,0.000,0.000,1.000,0.000,0.000
0.000,0.000,0.000,0.000,1.000,0.000,0.000
0.000,0.000,0.000,0.000,1.000,0.000,0.000
0.000,0.000,0.000,0.000,1.000,0.000,0.000
0.000,0.000,0.000,0.000,1.000,0.000,0.000
0.000,0.000,0.000,0.000,1.000,0.000,0.000
0.000,0.000,0.000,0.000,1.000,0.000,0.000
0.000,0.000,0.000,0.000,1.000,0.000,0.000
0.000,0.000,0.000,0.000,1.000,0.000,0.000
0.000,0.000,0.000,0.000,1.000,0.000,0.000
0.000,0.000,0.000,0.000,1.000,0.000,0.000
0.000,0.000,0.000,0.003,0.997,0.000,0.000
0.000,0.000,0.000,0.002,0.998,0.000,0.000
0.000,0.000,0.000,0.002,0.998,0.000,0.000
0.000,0.000,0.000,0.002,0.998,0.000,0.000
0.000,0.000,0.000,0.004,0.996,0.000,0.000
0.000,0.000,0.000,0.002,0.998,0.000,0.000
0.000,0.000,0.000,0.004,0.996,0.000,0.000
0.000,0.000,0.000,0.002,0.998,0.000,0.000
0.000,0.000,0.000,0.004,0.996,0.000,0.000
0.000,0.000,0.000,0.009,0.991,0.000,0.000
0.000,0.000,0.000,0.047,0.953,0.000,0.000
0.000,0.000,0.000,0.034,0.966,0.000,0.000
0.000,0.000,0.000,0.017,0.983,0.000,0.000
0.000,0.000,0.000,0.001,0.999,0.000,0.000
0.000,0.000,0.000,0.008,0.992,0.000,0.000
0.000,0.000,0.000,0.020,0.980,0.000,0.000
0.000,0.000,0.000,0.962,0.038,0.000,0.000
0.000,0.000,0.000,0.919,0.081,0.000,0.000
0.000,0.000,0.001,0.991,0.009,0.000,0.000
0.000,0.000,0.001,0.992,0.007,0.000,0.000
0.000,0.000,0.000,0.982,0.018,0.000,0.000
0.000,0.000,0.000,0.539,0.461,0.000,0.000
0.000,0.000,0.000,0.686,0.314,0.000,0.000
0.000,0.000,0.000,0.768,0.232,0.000,0.000
0.000,0.000,0.000,0.539,0.461,0.000,0.000
0.000,0.000,0.000,0.000,1.000,0.000,0.000
0.000,0.000,0.000,0.004,0.996,0.000,0.000
0.000,0.000,0.000,0.031,0.969,0.000,0.000
0.000,0.000,0.000,0.001,0.999,0.000,0.000
0.000,0.000,0.000,0.000,1.000,0.000,0.000
0.000,0.000,0.000,0.000,1.000,0.000,0.000
0.000,0.000,0.000,0.000,1.000,0.000,0.000
0.000,0.000,0.000,0.018,0.982,0.000,0.000
0.000,0.000,0.000,0.000,1.000,0.000,0.000
0.000,0.000,0.000,0.044,0.956,0.000,0.000
0.000,0.000,0.000,0.125,0.875,0.000,0.000
0.000,0.000,0.000,0.058,0.942,0.000,0.000
0.000,0.000,0.000,0.150,0.850,0.000,0.000
0.000,0.000,0.000,0.007,0.993,0.000,0.000
0.000,0.000,0.000,0.026,0.974,0.000,0.000
0.000,0.000,0.000,0.000,1.000,0.000,0.000
0.000,0.000,0.000,0.000,1.000,0.000,0.000
0.000,0.000,0.000,0.000,1.000,0.000,0.000
0.000,0.000,0.000,0.000,1.000,0.000,0.000
0.000,0.000,0.000,0.003,0.997,0.000,0.000
0.000,0.000,0.000,0.044,0.956,0.000,0.000
0.000,0.000,0.000,0.000,1.000,0.000,0.000
0.000,0.000,0.000,0.001,0.999,0.000,0.000
0.000,0.000,0.000,0.000,1.000,0.000,0.000
0.000,0.000,0.000,0.000,1.000,0.000,0.000
0.000,0.000,0.000,0.004,0.996,0.000,0.000
0.000,0.000,0.000,0.971,0.028,0.000,0.000
0.000,0.000,0.000,0.566,0.434,0.000,0.000
0.000,0.000,0.000,0.001,0.999,0.000,0.000
0.000,0.000,0.001,0.993,0.006,0.000,0.000
0.000,0.000,0.001,0.995,0.004,0.000,0.000
0.000,0.000,0.001,0.994,0.006,0.000,0.000
0.000,0.000,0.032,0.968,0.000,0.000,0.000
0.000,0.000,0.074,0.925,0.000,0.000,0.000
0.000,0.000,0.028,0.972,0.001,0.000,0.000
0.000,0.000,0.052,0.948,0.000,0.000,0.000
0.000,0.000,0.021,0.978,0.001,0.000,0.000
0.000,0.000,0.001,0.994,0.005,0.000,0.000
0.000,0.000,0.457,0.542,0.000,0.000,0.000
0.000,0.000,0.010,0.989,0.001,0.000,0.000
0.000,0.000,0.021,0.978,0.001,0.000,0.000
0.000,0.000,0.039,0.961,0.001,0.000,0.000
0.000,0.000,0.059,0.941,0.000,0.000,0.000
0.000,0.000,0.033,0.966,0.001,0.000,0.000
0.000,0.000,0.576,0.423,0.000,0.000,0.000
0.000,0.000,0.139,0.860,0.000,0.000,0.000
0.000,0.000,0.991,0.009,0.000,0.000,0.000
0.000,0.000,0.999,0.001,0.000,0.000,0.000
0.000,0.364,0.636,0.000,0.000,0.000,0.000
0.000,0.998,0.002,0.000,0.000,0.000,0.000
0.000,0.997,0.003,0.000,0.000,0.000,0.000
0.000,0.997,0.003,0.000,0.000,0.000,0.000
0.000,0.995,0.005,0.000,0.000,0.000,0.000
0.000,0.993,0.007,0.000,0.000,0.000,0.000
0.000,0.995,0.005,0.000,0.000,0.000,0.000
0.000,0.995,0.005,0.000,0.000,0.000,0.000
0.000,0.995,0.005,0.000,0.000,0.000,0.000
0.000,0.977,0.023,0.000,0.000,0.000,0.000
0.000,0.964,0.036,0.000,0.000,0.000,0.000
0.000,0.995,0.005,0.000,0.000,0.000,0.000
0.000,0.972,0.028,0.000,0.000,0.000,0.000
0.001,0.003,0.000,0.000,0.000,0.996,0.000
0.110,0.000,0.000,0.000,0.000,0.890,0.000
0.998,0.000,0.000,0.000,0.000,0.002,0.000
0.999,0.000,0.000,0.000,0.000,0.001,0.000
0.999,0.000,0.000,0.000,0.000,0.001,0.000
